 -619.7  0
 -619.6  0.000199996
 -619.5  0
 -619.4  0
 -619.3  0
 -619.2  0
 -619.1  0
 -619  0
 -618.9  0
 -618.8  0
 -618.7  0
 -618.6  0
 -618.5  0
 -618.4  0
 -618.3  0
 -618.2  0
 -618.1  0
 -618  0
 -617.9  0
 -617.8  0
 -617.7  0
 -617.6  0
 -617.5  0
 -617.4  0
 -617.3  0
 -617.2  0
 -617.1  0
 -617  0.000199996
 -616.9  0
 -616.8  0
 -616.7  0
 -616.6  0
 -616.5  0
 -616.4  0
 -616.3  0
 -616.2  0
 -616.1  0
 -616  0
 -615.9  0
 -615.8  0
 -615.7  0
 -615.6  0
 -615.5  0
 -615.4  0
 -615.3  0.000199996
 -615.2  0
 -615.1  0
 -615  0
 -614.9  0
 -614.8  0
 -614.7  0
 -614.6  0
 -614.5  0
 -614.4  0
 -614.3  0
 -614.2  0
 -614.1  0
 -614  0.000199996
 -613.9  0
 -613.8  0.000199996
 -613.7  0
 -613.6  0.000199996
 -613.5  0
 -613.4  0
 -613.3  0
 -613.2  0.000199996
 -613.1  0
 -613  0
 -612.9  0
 -612.8  0
 -612.7  0
 -612.6  0
 -612.5  0
 -612.4  0
 -612.3  0
 -612.2  0
 -612.1  0
 -612  0
 -611.9  0
 -611.8  0
 -611.7  0
 -611.6  0
 -611.5  0.000199996
 -611.4  0
 -611.3  0
 -611.2  0
 -611.1  0.000199996
 -611  0.000399992
 -610.9  0
 -610.8  0
 -610.7  0
 -610.6  0
 -610.5  0
 -610.4  0.000199996
 -610.3  0.000199996
 -610.2  0.000199996
 -610.1  0
 -610  0
 -609.9  0.000199996
 -609.8  0
 -609.7  0
 -609.6  0.000199996
 -609.5  0
 -609.4  0
 -609.3  0
 -609.2  0
 -609.1  0.000199996
 -609  0
 -608.9  0
 -608.8  0
 -608.7  0
 -608.6  0.000199996
 -608.5  0
 -608.4  0.000599988
 -608.3  0
 -608.2  0.000199996
 -608.1  0.000199996
 -608  0
 -607.9  0.000199996
 -607.8  0.000399992
 -607.7  0
 -607.6  0.000199996
 -607.5  0.000399992
 -607.4  0.000199996
 -607.3  0
 -607.2  0
 -607.1  0
 -607  0
 -606.9  0.000399992
 -606.8  0
 -606.7  0.000199996
 -606.6  0
 -606.5  0.000399992
 -606.4  0
 -606.3  0.000199996
 -606.2  0.000199996
 -606.1  0.000199996
 -606  0.000199996
 -605.9  0.000399992
 -605.8  0
 -605.7  0.000399992
 -605.6  0
 -605.5  0
 -605.4  0.000199996
 -605.3  0.000199996
 -605.2  0.000399992
 -605.1  0.000599988
 -605  0
 -604.9  0.000399992
 -604.8  0
 -604.7  0.000199996
 -604.6  0
 -604.5  0.000199996
 -604.4  0.000199996
 -604.3  0
 -604.2  0.000599988
 -604.1  0.000199996
 -604  0.000199996
 -603.9  0.000399992
 -603.8  0.000399992
 -603.7  0.000599988
 -603.6  0.000599988
 -603.5  0.000799984
 -603.4  0.000199996
 -603.3  0
 -603.2  0.000199996
 -603.1  0.000199996
 -603  0.000599988
 -602.9  0.000799984
 -602.8  0.000399992
 -602.7  0.000599988
 -602.6  0.000399992
 -602.5  0.000599988
 -602.4  0.000599988
 -602.3  0.000399992
 -602.2  0.00119998
 -602.1  0.00099998
 -602  0.000599988
 -601.9  0.000399992
 -601.8  0.000399992
 -601.7  0.000399992
 -601.6  0.000199996
 -601.5  0.000199996
 -601.4  0.000399992
 -601.3  0.000199996
 -601.2  0.000599988
 -601.1  0.000199996
 -601  0.000199996
 -600.9  0.000799984
 -600.8  0.000599988
 -600.7  0.000799984
 -600.6  0.000799984
 -600.5  0.000599988
 -600.4  0.00139997
 -600.3  0.000599988
 -600.2  0.000399992
 -600.1  0.00099998
 -600  0.000399992
 -599.9  0.000399992
 -599.8  0
 -599.7  0.000799984
 -599.6  0.000799984
 -599.5  0.000799984
 -599.4  0.00139997
 -599.3  0.00139997
 -599.2  0.000599988
 -599.1  0.000599988
 -599  0.00099998
 -598.9  0.000199996
 -598.8  0.00119998
 -598.7  0.00099998
 -598.6  0.000799984
 -598.5  0.000799984
 -598.4  0.00099998
 -598.3  0.00099998
 -598.2  0.000399992
 -598.1  0.00119998
 -598  0.00139997
 -597.9  0.000599988
 -597.8  0.00139997
 -597.7  0.000399992
 -597.6  0.00159997
 -597.5  0.00159997
 -597.4  0.00099998
 -597.3  0.00139997
 -597.2  0.00099998
 -597.1  0.00279994
 -597  0.00139997
 -596.9  0.00199996
 -596.8  0.00139997
 -596.7  0.000799984
 -596.6  0.00219996
 -596.5  0.00139997
 -596.4  0.00119998
 -596.3  0.00199996
 -596.2  0.00159997
 -596.1  0.00099998
 -596  0.00219996
 -595.9  0.00119998
 -595.8  0.00239995
 -595.7  0.00159997
 -595.6  0.00259995
 -595.5  0.00139997
 -595.4  0.00259995
 -595.3  0.00239995
 -595.2  0.00279994
 -595.1  0.00099998
 -595  0.00139997
 -594.9  0.00159997
 -594.8  0.00219996
 -594.7  0.00199996
 -594.6  0.00179996
 -594.5  0.00299994
 -594.4  0.00159997
 -594.3  0.00259995
 -594.2  0.00279994
 -594.1  0.00139997
 -594  0.00299994
 -593.9  0.00199996
 -593.8  0.00279994
 -593.7  0.00199996
 -593.6  0.00339993
 -593.5  0.00319994
 -593.4  0.00199996
 -593.3  0.00199996
 -593.2  0.00399992
 -593.1  0.00159997
 -593  0.00279994
 -592.9  0.00239995
 -592.8  0.00219996
 -592.7  0.00239995
 -592.6  0.00279994
 -592.5  0.00199996
 -592.4  0.00399992
 -592.3  0.00259995
 -592.2  0.00259995
 -592.1  0.00199996
 -592  0.00379992
 -591.9  0.00239995
 -591.8  0.00299994
 -591.7  0.0049999
 -591.6  0.00259995
 -591.5  0.00399992
 -591.4  0.00319994
 -591.3  0.00339993
 -591.2  0.00279994
 -591.1  0.00259995
 -591  0.00319994
 -590.9  0.00339993
 -590.8  0.0047999
 -590.7  0.00339993
 -590.6  0.00279994
 -590.5  0.00299994
 -590.4  0.00299994
 -590.3  0.0047999
 -590.2  0.0047999
 -590.1  0.0051999
 -590  0.00399992
 -589.9  0.00699986
 -589.8  0.0049999
 -589.7  0.00619988
 -589.6  0.0047999
 -589.5  0.00419992
 -589.4  0.00359993
 -589.3  0.00419992
 -589.2  0.00579988
 -589.1  0.0051999
 -589  0.0051999
 -588.9  0.0049999
 -588.8  0.00379992
 -588.7  0.00639987
 -588.6  0.00439991
 -588.5  0.00399992
 -588.4  0.00359993
 -588.3  0.00379992
 -588.2  0.00699986
 -588.1  0.00459991
 -588  0.0049999
 -587.9  0.00419992
 -587.8  0.00379992
 -587.7  0.00659987
 -587.6  0.0047999
 -587.5  0.00779984
 -587.4  0.00719986
 -587.3  0.00619988
 -587.2  0.00699986
 -587.1  0.00559989
 -587  0.0047999
 -586.9  0.00719986
 -586.8  0.00679986
 -586.7  0.0049999
 -586.6  0.00399992
 -586.5  0.00539989
 -586.4  0.00619988
 -586.3  0.00559989
 -586.2  0.00599988
 -586.1  0.00679986
 -586  0.00599988
 -585.9  0.00779984
 -585.8  0.00559989
 -585.7  0.00599988
 -585.6  0.0097998
 -585.5  0.00679986
 -585.4  0.00659987
 -585.3  0.00739985
 -585.2  0.00779984
 -585.1  0.0097998
 -585  0.00639987
 -584.9  0.00639987
 -584.8  0.00939981
 -584.7  0.00759985
 -584.6  0.0101998
 -584.5  0.00799984
 -584.4  0.0097998
 -584.3  0.00719986
 -584.2  0.00899982
 -584.1  0.00919982
 -584  0.00919982
 -583.9  0.00939981
 -583.8  0.00759985
 -583.7  0.00899982
 -583.6  0.0105998
 -583.5  0.00839983
 -583.4  0.00879982
 -583.3  0.0103998
 -583.2  0.00939981
 -583.1  0.00799984
 -583  0.00879982
 -582.9  0.00779984
 -582.8  0.00899982
 -582.7  0.00959981
 -582.6  0.0107998
 -582.5  0.0107998
 -582.4  0.00779984
 -582.3  0.00859983
 -582.2  0.0097998
 -582.1  0.00799984
 -582  0.0101998
 -581.9  0.0097998
 -581.8  0.0097998
 -581.7  0.0105998
 -581.6  0.0127997
 -581.5  0.00919982
 -581.4  0.0111998
 -581.3  0.0101998
 -581.2  0.0117998
 -581.1  0.0119998
 -581  0.00899982
 -580.9  0.0107998
 -580.8  0.0135997
 -580.7  0.0129997
 -580.6  0.0123998
 -580.5  0.0105998
 -580.4  0.0129997
 -580.3  0.0117998
 -580.2  0.0135997
 -580.1  0.0141997
 -580  0.0147997
 -579.9  0.0141997
 -579.8  0.0099998
 -579.7  0.0125997
 -579.6  0.0133997
 -579.5  0.0133997
 -579.4  0.0147997
 -579.3  0.0121998
 -579.2  0.0127997
 -579.1  0.0151997
 -579  0.0125997
 -578.9  0.0137997
 -578.8  0.0137997
 -578.7  0.0137997
 -578.6  0.0115998
 -578.5  0.0145997
 -578.4  0.0151997
 -578.3  0.0161997
 -578.2  0.0143997
 -578.1  0.0165997
 -578  0.0139997
 -577.9  0.0137997
 -577.8  0.0161997
 -577.7  0.0133997
 -577.6  0.0159997
 -577.5  0.0171997
 -577.4  0.0165997
 -577.3  0.0183996
 -577.2  0.0153997
 -577.1  0.0151997
 -577  0.0157997
 -576.9  0.0163997
 -576.8  0.0169997
 -576.7  0.0147997
 -576.6  0.0155997
 -576.5  0.0153997
 -576.4  0.0151997
 -576.3  0.0155997
 -576.2  0.0167997
 -576.1  0.0171997
 -576  0.0121998
 -575.9  0.0117998
 -575.8  0.0167997
 -575.7  0.0199996
 -575.6  0.0197996
 -575.5  0.0191996
 -575.4  0.0157997
 -575.3  0.0167997
 -575.2  0.0199996
 -575.1  0.0171997
 -575  0.0169997
 -574.9  0.0183996
 -574.8  0.0179996
 -574.7  0.0197996
 -574.6  0.0193996
 -574.5  0.0173997
 -574.4  0.0205996
 -574.3  0.0195996
 -574.2  0.0209996
 -574.1  0.0163997
 -574  0.0185996
 -573.9  0.0183996
 -573.8  0.0183996
 -573.7  0.0181996
 -573.6  0.0195996
 -573.5  0.0199996
 -573.4  0.0183996
 -573.3  0.0171997
 -573.2  0.0199996
 -573.1  0.0183996
 -573  0.0177996
 -572.9  0.0187996
 -572.8  0.0211996
 -572.7  0.0179996
 -572.6  0.0177996
 -572.5  0.0191996
 -572.4  0.0209996
 -572.3  0.0235995
 -572.2  0.0191996
 -572.1  0.0171997
 -572  0.0225995
 -571.9  0.0209996
 -571.8  0.0205996
 -571.7  0.0167997
 -571.6  0.0217996
 -571.5  0.0243995
 -571.4  0.0203996
 -571.3  0.0183996
 -571.2  0.0195996
 -571.1  0.0233995
 -571  0.0237995
 -570.9  0.0227995
 -570.8  0.0211996
 -570.7  0.0211996
 -570.6  0.0203996
 -570.5  0.0263995
 -570.4  0.0207996
 -570.3  0.0189996
 -570.2  0.0219996
 -570.1  0.0229995
 -570  0.0189996
 -569.9  0.0247995
 -569.8  0.0203996
 -569.7  0.0249995
 -569.6  0.0207996
 -569.5  0.0229995
 -569.4  0.0197996
 -569.3  0.0165997
 -569.2  0.0249995
 -569.1  0.0251995
 -569  0.0213996
 -568.9  0.0255995
 -568.8  0.0217996
 -568.7  0.0243995
 -568.6  0.0241995
 -568.5  0.0209996
 -568.4  0.0229995
 -568.3  0.0209996
 -568.2  0.0241995
 -568.1  0.0229995
 -568  0.0219996
 -567.9  0.0249995
 -567.8  0.0233995
 -567.7  0.0225995
 -567.6  0.0265995
 -567.5  0.0217996
 -567.4  0.0237995
 -567.3  0.0247995
 -567.2  0.0225995
 -567.1  0.0279994
 -567  0.0227995
 -566.9  0.0265995
 -566.8  0.0217996
 -566.7  0.0233995
 -566.6  0.0249995
 -566.5  0.0215996
 -566.4  0.0233995
 -566.3  0.0243995
 -566.2  0.0229995
 -566.1  0.0221996
 -566  0.0295994
 -565.9  0.0245995
 -565.8  0.0271995
 -565.7  0.0241995
 -565.6  0.0213996
 -565.5  0.0281994
 -565.4  0.0257995
 -565.3  0.0281994
 -565.2  0.0235995
 -565.1  0.0247995
 -565  0.0223996
 -564.9  0.0223996
 -564.8  0.0263995
 -564.7  0.0267995
 -564.6  0.0241995
 -564.5  0.0253995
 -564.4  0.0261995
 -564.3  0.0275994
 -564.2  0.0237995
 -564.1  0.0271995
 -564  0.0259995
 -563.9  0.0229995
 -563.8  0.0243995
 -563.7  0.0257995
 -563.6  0.0251995
 -563.5  0.0279994
 -563.4  0.0247995
 -563.3  0.0237995
 -563.2  0.0209996
 -563.1  0.0237995
 -563  0.0251995
 -562.9  0.0259995
 -562.8  0.0241995
 -562.7  0.0239995
 -562.6  0.0239995
 -562.5  0.0255995
 -562.4  0.0257995
 -562.3  0.0239995
 -562.2  0.0235995
 -562.1  0.0251995
 -562  0.0245995
 -561.9  0.0285994
 -561.8  0.0293994
 -561.7  0.0263995
 -561.6  0.0287994
 -561.5  0.0239995
 -561.4  0.0243995
 -561.3  0.0233995
 -561.2  0.0243995
 -561.1  0.0253995
 -561  0.0273995
 -560.9  0.0237995
 -560.8  0.0243995
 -560.7  0.0231995
 -560.6  0.0193996
 -560.5  0.0251995
 -560.4  0.0251995
 -560.3  0.0243995
 -560.2  0.0227995
 -560.1  0.0241995
 -560  0.0245995
 -559.9  0.0281994
 -559.8  0.0237995
 -559.7  0.0249995
 -559.6  0.0243995
 -559.5  0.0249995
 -559.4  0.0239995
 -559.3  0.0225995
 -559.2  0.0219996
 -559.1  0.0213996
 -559  0.0259995
 -558.9  0.0249995
 -558.8  0.0255995
 -558.7  0.0265995
 -558.6  0.0185996
 -558.5  0.0255995
 -558.4  0.0199996
 -558.3  0.0223996
 -558.2  0.0251995
 -558.1  0.0253995
 -558  0.0225995
 -557.9  0.0227995
 -557.8  0.0237995
 -557.7  0.0219996
 -557.6  0.0177996
 -557.5  0.0263995
 -557.4  0.0239995
 -557.3  0.0209996
 -557.2  0.0243995
 -557.1  0.0235995
 -557  0.0213996
 -556.9  0.0209996
 -556.8  0.0243995
 -556.7  0.0233995
 -556.6  0.0205996
 -556.5  0.0221996
 -556.4  0.0241995
 -556.3  0.0209996
 -556.2  0.0201996
 -556.1  0.0197996
 -556  0.0213996
 -555.9  0.0241995
 -555.8  0.0269995
 -555.7  0.0227995
 -555.6  0.0243995
 -555.5  0.0191996
 -555.4  0.0177996
 -555.3  0.0201996
 -555.2  0.0191996
 -555.1  0.0185996
 -555  0.0197996
 -554.9  0.0227995
 -554.8  0.0179996
 -554.7  0.0223996
 -554.6  0.0199996
 -554.5  0.0189996
 -554.4  0.0207996
 -554.3  0.0197996
 -554.2  0.0183996
 -554.1  0.0221996
 -554  0.0185996
 -553.9  0.0163997
 -553.8  0.0191996
 -553.7  0.0207996
 -553.6  0.0203996
 -553.5  0.0195996
 -553.4  0.0171997
 -553.3  0.0197996
 -553.2  0.0215996
 -553.1  0.0217996
 -553  0.0203996
 -552.9  0.0167997
 -552.8  0.0191996
 -552.7  0.0229995
 -552.6  0.0185996
 -552.5  0.0193996
 -552.4  0.0195996
 -552.3  0.0185996
 -552.2  0.0155997
 -552.1  0.0171997
 -552  0.0165997
 -551.9  0.0167997
 -551.8  0.0167997
 -551.7  0.0181996
 -551.6  0.0205996
 -551.5  0.0191996
 -551.4  0.0213996
 -551.3  0.0183996
 -551.2  0.0167997
 -551.1  0.0193996
 -551  0.0167997
 -550.9  0.0139997
 -550.8  0.0213996
 -550.7  0.0197996
 -550.6  0.0171997
 -550.5  0.0151997
 -550.4  0.0187996
 -550.3  0.0171997
 -550.2  0.0199996
 -550.1  0.0185996
 -550  0.0163997
 -549.9  0.0163997
 -549.8  0.0145997
 -549.7  0.0141997
 -549.6  0.0155997
 -549.5  0.0177996
 -549.4  0.0171997
 -549.3  0.0181996
 -549.2  0.0169997
 -549.1  0.0149997
 -549  0.0169997
 -548.9  0.0135997
 -548.8  0.0131997
 -548.7  0.0185996
 -548.6  0.0175996
 -548.5  0.0129997
 -548.4  0.0177996
 -548.3  0.0181996
 -548.2  0.0171997
 -548.1  0.0137997
 -548  0.0165997
 -547.9  0.0125997
 -547.8  0.0133997
 -547.7  0.0165997
 -547.6  0.0143997
 -547.5  0.0139997
 -547.4  0.0137997
 -547.3  0.0139997
 -547.2  0.0155997
 -547.1  0.0145997
 -547  0.0155997
 -546.9  0.0137997
 -546.8  0.0141997
 -546.7  0.0137997
 -546.6  0.0131997
 -546.5  0.0115998
 -546.4  0.0131997
 -546.3  0.0131997
 -546.2  0.0105998
 -546.1  0.0113998
 -546  0.00959981
 -545.9  0.0125997
 -545.8  0.0147997
 -545.7  0.0121998
 -545.6  0.0115998
 -545.5  0.0115998
 -545.4  0.0151997
 -545.3  0.0115998
 -545.2  0.0113998
 -545.1  0.0147997
 -545  0.0109998
 -544.9  0.0123998
 -544.8  0.0125997
 -544.7  0.0113998
 -544.6  0.0127997
 -544.5  0.00839983
 -544.4  0.0101998
 -544.3  0.0109998
 -544.2  0.0111998
 -544.1  0.0133997
 -544  0.0163997
 -543.9  0.0115998
 -543.8  0.0119998
 -543.7  0.00899982
 -543.6  0.0101998
 -543.5  0.0127997
 -543.4  0.0115998
 -543.3  0.0101998
 -543.2  0.0103998
 -543.1  0.0123998
 -543  0.0105998
 -542.9  0.0121998
 -542.8  0.0103998
 -542.7  0.0099998
 -542.6  0.0101998
 -542.5  0.0103998
 -542.4  0.0107998
 -542.3  0.0113998
 -542.2  0.0123998
 -542.1  0.0099998
 -542  0.0117998
 -541.9  0.00779984
 -541.8  0.00879982
 -541.7  0.00899982
 -541.6  0.00959981
 -541.5  0.0097998
 -541.4  0.00899982
 -541.3  0.0099998
 -541.2  0.0103998
 -541.1  0.0103998
 -541  0.00839983
 -540.9  0.00879982
 -540.8  0.00819984
 -540.7  0.00939981
 -540.6  0.00879982
 -540.5  0.00939981
 -540.4  0.00879982
 -540.3  0.00659987
 -540.2  0.0109998
 -540.1  0.00639987
 -540  0.00719986
 -539.9  0.00659987
 -539.8  0.00699986
 -539.7  0.00839983
 -539.6  0.00779984
 -539.5  0.00919982
 -539.4  0.00799984
 -539.3  0.00759985
 -539.2  0.00899982
 -539.1  0.00639987
 -539  0.00699986
 -538.9  0.00619988
 -538.8  0.00679986
 -538.7  0.00899982
 -538.6  0.00679986
 -538.5  0.00459991
 -538.4  0.00799984
 -538.3  0.00679986
 -538.2  0.00839983
 -538.1  0.00679986
 -538  0.00779984
 -537.9  0.00539989
 -537.8  0.0047999
 -537.7  0.00459991
 -537.6  0.00739985
 -537.5  0.00699986
 -537.4  0.00739985
 -537.3  0.00659987
 -537.2  0.00419992
 -537.1  0.00599988
 -537  0.00659987
 -536.9  0.00459991
 -536.8  0.00559989
 -536.7  0.00679986
 -536.6  0.00699986
 -536.5  0.00599988
 -536.4  0.00679986
 -536.3  0.00359993
 -536.2  0.00439991
 -536.1  0.0047999
 -536  0.00539989
 -535.9  0.0047999
 -535.8  0.00719986
 -535.7  0.00559989
 -535.6  0.00679986
 -535.5  0.00319994
 -535.4  0.00379992
 -535.3  0.00279994
 -535.2  0.00339993
 -535.1  0.00459991
 -535  0.00399992
 -534.9  0.00419992
 -534.8  0.00439991
 -534.7  0.0047999
 -534.6  0.00439991
 -534.5  0.0049999
 -534.4  0.00559989
 -534.3  0.00459991
 -534.2  0.00439991
 -534.1  0.00359993
 -534  0.00459991
 -533.9  0.00319994
 -533.8  0.0047999
 -533.7  0.00579988
 -533.6  0.00539989
 -533.5  0.00339993
 -533.4  0.0047999
 -533.3  0.00439991
 -533.2  0.00379992
 -533.1  0.0051999
 -533  0.00299994
 -532.9  0.00299994
 -532.8  0.00459991
 -532.7  0.00459991
 -532.6  0.00439991
 -532.5  0.00219996
 -532.4  0.00279994
 -532.3  0.00559989
 -532.2  0.00379992
 -532.1  0.00439991
 -532  0.00279994
 -531.9  0.00239995
 -531.8  0.0047999
 -531.7  0.00279994
 -531.6  0.00199996
 -531.5  0.00259995
 -531.4  0.00279994
 -531.3  0.00339993
 -531.2  0.00359993
 -531.1  0.00439991
 -531  0.00299994
 -530.9  0.00299994
 -530.8  0.00399992
 -530.7  0.00319994
 -530.6  0.00239995
 -530.5  0.00259995
 -530.4  0.00379992
 -530.3  0.00219996
 -530.2  0.00419992
 -530.1  0.00199996
 -530  0.00239995
 -529.9  0.00179996
 -529.8  0.00359993
 -529.7  0.00159997
 -529.6  0.00199996
 -529.5  0.00219996
 -529.4  0.00259995
 -529.3  0.00219996
 -529.2  0.00299994
 -529.1  0.00259995
 -529  0.00159997
 -528.9  0.00339993
 -528.8  0.00219996
 -528.7  0.00259995
 -528.6  0.00259995
 -528.5  0.00219996
 -528.4  0.00199996
 -528.3  0.00219996
 -528.2  0.00319994
 -528.1  0.00119998
 -528  0.00179996
 -527.9  0.00219996
 -527.8  0.00239995
 -527.7  0.00139997
 -527.6  0.00119998
 -527.5  0.00179996
 -527.4  0.00219996
 -527.3  0.00259995
 -527.2  0.00139997
 -527.1  0.00239995
 -527  0.00139997
 -526.9  0.00179996
 -526.8  0.00219996
 -526.7  0.00119998
 -526.6  0.00179996
 -526.5  0.00159997
 -526.4  0.000799984
 -526.3  0.00139997
 -526.2  0.00119998
 -526.1  0.000399992
 -526  0.00239995
 -525.9  0.00219996
 -525.8  0.00119998
 -525.7  0.00259995
 -525.6  0.00119998
 -525.5  0.00199996
 -525.4  0.00259995
 -525.3  0.00139997
 -525.2  0.000399992
 -525.1  0.00199996
 -525  0.00179996
 -524.9  0.00119998
 -524.8  0.00139997
 -524.7  0.000199996
 -524.6  0.00139997
 -524.5  0.00159997
 -524.4  0.00179996
 -524.3  0.00139997
 -524.2  0.00099998
 -524.1  0.000799984
 -524  0.00179996
 -523.9  0.00119998
 -523.8  0.00139997
 -523.7  0.00099998
 -523.6  0.00119998
 -523.5  0.00219996
 -523.4  0.00159997
 -523.3  0.00119998
 -523.2  0.00159997
 -523.1  0.000599988
 -523  0.00139997
 -522.9  0.00179996
 -522.8  0.000399992
 -522.7  0.00119998
 -522.6  0.00099998
 -522.5  0.00159997
 -522.4  0.00099998
 -522.3  0.00099998
 -522.2  0.00119998
 -522.1  0.000799984
 -522  0.000199996
 -521.9  0.000599988
 -521.8  0.00119998
 -521.7  0.000399992
 -521.6  0.00139997
 -521.5  0.00139997
 -521.4  0.000399992
 -521.3  0.00099998
 -521.2  0.00119998
 -521.1  0.000799984
 -521  0.00159997
 -520.9  0.00099998
 -520.8  0.000599988
 -520.7  0.000599988
 -520.6  0.00099998
 -520.5  0.00159997
 -520.4  0.00119998
 -520.3  0.000799984
 -520.2  0.00119998
 -520.1  0.000799984
 -520  0.00119998
 -519.9  0.00119998
 -519.8  0.00119998
 -519.7  0.00119998
 -519.6  0.000399992
 -519.5  0.00119998
 -519.4  0.000799984
 -519.3  0.00139997
 -519.2  0.00119998
 -519.1  0.00119998
 -519  0.00099998
 -518.9  0.00119998
 -518.8  0.00179996
 -518.7  0.00119998
 -518.6  0.000799984
 -518.5  0.000199996
 -518.4  0.000399992
 -518.3  0.00139997
 -518.2  0.000399992
 -518.1  0.000799984
 -518  0.000599988
 -517.9  0.000399992
 -517.8  0.000399992
 -517.7  0.00099998
 -517.6  0.000199996
 -517.5  0.000799984
 -517.4  0.000399992
 -517.3  0.00099998
 -517.2  0.000599988
 -517.1  0.000599988
 -517  0.00119998
 -516.9  0.00099998
 -516.8  0.000799984
 -516.7  0.000399992
 -516.6  0.000799984
 -516.5  0.000599988
 -516.4  0.000799984
 -516.3  0.000799984
 -516.2  0.000399992
 -516.1  0
 -516  0.000399992
 -515.9  0.00099998
 -515.8  0.00099998
 -515.7  0.000399992
 -515.6  0.00159997
 -515.5  0.000799984
 -515.4  0.000799984
 -515.3  0.000599988
 -515.2  0.00139997
 -515.1  0.000799984
 -515  0.000199996
 -514.9  0.000799984
 -514.8  0
 -514.7  0.000799984
 -514.6  0.000399992
 -514.5  0.000399992
 -514.4  0.00119998
 -514.3  0.000799984
 -514.2  0.000799984
 -514.1  0.000199996
 -514  0.000199996
 -513.9  0.000799984
 -513.8  0.000599988
 -513.7  0.000399992
 -513.6  0.000199996
 -513.5  0.00119998
 -513.4  0.000799984
 -513.3  0.000199996
 -513.2  0.000399992
 -513.1  0.000799984
 -513  0.000399992
 -512.9  0.000399992
 -512.8  0.000399992
 -512.7  0.000399992
 -512.6  0.000399992
 -512.5  0.00159997
 -512.4  0.000399992
 -512.3  0.000799984
 -512.2  0.00099998
 -512.1  0
 -512  0.000399992
 -511.9  0.000199996
 -511.8  0.000199996
 -511.7  0.000199996
 -511.6  0.000599988
 -511.5  0.000399992
 -511.4  0.000399992
 -511.3  0.00119998
 -511.2  0.000599988
 -511.1  0.00139997
 -511  0.000399992
 -510.9  0.000399992
 -510.8  0.000199996
 -510.7  0.000399992
 -510.6  0.000399992
 -510.5  0.000599988
 -510.4  0.000199996
 -510.3  0
 -510.2  0.000799984
 -510.1  0.000199996
 -510  0.000799984
 -509.9  0.000799984
 -509.8  0
 -509.7  0
 -509.6  0.000199996
 -509.5  0
 -509.4  0.000399992
 -509.3  0.000599988
 -509.2  0.000199996
 -509.1  0.000599988
 -509  0.000599988
 -508.9  0.000599988
 -508.8  0.000799984
 -508.7  0
 -508.6  0
 -508.5  0.00099998
 -508.4  0.000199996
 -508.3  0.00099998
 -508.2  0.000799984
 -508.1  0.000399992
 -508  0.000399992
 -507.9  0.000599988
 -507.8  0.000799984
 -507.7  0.000599988
 -507.6  0
 -507.5  0.000199996
 -507.4  0.000399992
 -507.3  0.000599988
 -507.2  0.000399992
 -507.1  0.000799984
 -507  0.000799984
 -506.9  0.000199996
 -506.8  0.000199996
 -506.7  0.000399992
 -506.6  0.000399992
 -506.5  0.000199996
 -506.4  0.000399992
 -506.3  0.00099998
 -506.2  0.000199996
 -506.1  0.00099998
 -506  0.000199996
 -505.9  0.000199996
 -505.8  0
 -505.7  0.000199996
 -505.6  0.000399992
 -505.5  0.000399992
 -505.4  0.000399992
 -505.3  0.000599988
 -505.2  0.000199996
 -505.1  0.000199996
 -505  0.000399992
 -504.9  0.000799984
 -504.8  0.00099998
 -504.7  0.000199996
 -504.6  0.000199996
 -504.5  0
 -504.4  0
 -504.3  0.000199996
 -504.2  0
 -504.1  0.000399992
 -504  0.000399992
 -503.9  0.000599988
 -503.8  0.000199996
 -503.7  0.000599988
 -503.6  0.000799984
 -503.5  0.000399992
 -503.4  0.000799984
 -503.3  0.000199996
 -503.2  0
 -503.1  0.000399992
 -503  0.000799984
 -502.9  0.00119998
 -502.8  0.000199996
 -502.7  0.00099998
 -502.6  0.000799984
 -502.5  0.000799984
 -502.4  0.000799984
 -502.3  0.000399992
 -502.2  0.00099998
 -502.1  0.000199996
 -502  0.000399992
 -501.9  0.000199996
 -501.8  0.000799984
 -501.7  0.000199996
 -501.6  0
 -501.5  0.000399992
 -501.4  0.000399992
 -501.3  0.000199996
 -501.2  0
 -501.1  0.00099998
 -501  0
 -500.9  0.000199996
 -500.8  0.000199996
 -500.7  0
 -500.6  0.000399992
 -500.5  0.000399992
 -500.4  0
 -500.3  0.000599988
 -500.2  0.000799984
 -500.1  0
 -500  0.000399992
 -499.9  0.000599988
 -499.8  0.000599988
 -499.7  0.000199996
 -499.6  0.000199996
 -499.5  0.000199996
 -499.4  0
 -499.3  0.000799984
 -499.2  0.000199996
 -499.1  0.000199996
 -499  0.000199996
 -498.9  0.000199996
 -498.8  0.000199996
 -498.7  0.000599988
 -498.6  0.000199996
 -498.5  0.000399992
 -498.4  0.000399992
 -498.3  0.000599988
 -498.2  0.000199996
 -498.1  0.000799984
 -498  0.000399992
 -497.9  0.000199996
 -497.8  0.000599988
 -497.7  0.000199996
 -497.6  0.000599988
 -497.5  0.000399992
 -497.4  0
 -497.3  0.000599988
 -497.2  0.000399992
 -497.1  0.000399992
 -497  0.000199996
 -496.9  0.000599988
 -496.8  0.000399992
 -496.7  0.000399992
 -496.6  0.000199996
 -496.5  0.000199996
 -496.4  0.000799984
 -496.3  0.000399992
 -496.2  0.000599988
 -496.1  0.000399992
 -496  0.000599988
 -495.9  0.000199996
 -495.8  0.000199996
 -495.7  0.000599988
 -495.6  0
 -495.5  0.000399992
 -495.4  0.000599988
 -495.3  0.000199996
 -495.2  0.000399992
 -495.1  0.000199996
 -495  0.000599988
 -494.9  0.000399992
 -494.8  0
 -494.7  0.000199996
 -494.6  0
 -494.5  0.000399992
 -494.4  0
 -494.3  0.000399992
 -494.2  0.000399992
 -494.1  0.000399992
 -494  0.000399992
 -493.9  0
 -493.8  0.000599988
 -493.7  0.000199996
 -493.6  0.000199996
 -493.5  0.000199996
 -493.4  0.000599988
 -493.3  0.000599988
 -493.2  0
 -493.1  0.000199996
 -493  0.000399992
 -492.9  0
 -492.8  0.000199996
 -492.7  0.000599988
 -492.6  0.000199996
 -492.5  0.000599988
 -492.4  0.000599988
 -492.3  0
 -492.2  0.000799984
 -492.1  0.000399992
 -492  0
 -491.9  0.000799984
 -491.8  0.000199996
 -491.7  0.000799984
 -491.6  0
 -491.5  0.000599988
 -491.4  0.000599988
 -491.3  0.000399992
 -491.2  0.000399992
 -491.1  0.000799984
 -491  0.000399992
 -490.9  0.000399992
 -490.8  0
 -490.7  0.000399992
 -490.6  0
 -490.5  0
 -490.4  0.000199996
 -490.3  0
 -490.2  0.000399992
 -490.1  0.000199996
 -490  0.000399992
 -489.9  0
 -489.8  0.000399992
 -489.7  0.000199996
 -489.6  0.000199996
 -489.5  0.000599988
 -489.4  0.000599988
 -489.3  0.000599988
 -489.2  0.000199996
 -489.1  0.000399992
 -489  0.000399992
 -488.9  0.000399992
 -488.8  0.000199996
 -488.7  0.000399992
 -488.6  0.000399992
 -488.5  0.000199996
 -488.4  0
 -488.3  0.000199996
 -488.2  0.000599988
 -488.1  0.000199996
 -488  0
 -487.9  0.000599988
 -487.8  0
 -487.7  0
 -487.6  0.000199996
 -487.5  0.000599988
 -487.4  0.000599988
 -487.3  0.000399992
 -487.2  0.000799984
 -487.1  0.000199996
 -487  0.000399992
 -486.9  0
 -486.8  0
 -486.7  0
 -486.6  0.000199996
 -486.5  0.000799984
 -486.4  0
 -486.3  0.000399992
 -486.2  0.000199996
 -486.1  0.000199996
 -486  0.000599988
 -485.9  0.000199996
 -485.8  0
 -485.7  0.000599988
 -485.6  0.000399992
 -485.5  0.000199996
 -485.4  0.000399992
 -485.3  0.000399992
 -485.2  0.000599988
 -485.1  0.000399992
 -485  0.000799984
 -484.9  0.000599988
 -484.8  0.000399992
 -484.7  0.000399992
 -484.6  0.000199996
 -484.5  0
 -484.4  0.000199996
 -484.3  0.000199996
 -484.2  0.000599988
 -484.1  0.000199996
 -484  0.000399992
 -483.9  0.000599988
 -483.8  0.000199996
 -483.7  0.000199996
 -483.6  0.000799984
 -483.5  0.000399992
 -483.4  0.000799984
 -483.3  0.000399992
 -483.2  0
 -483.1  0.000599988
 -483  0.000199996
 -482.9  0.000399992
 -482.8  0
 -482.7  0.000399992
 -482.6  0.000199996
 -482.5  0
 -482.4  0
 -482.3  0.000199996
 -482.2  0.000399992
 -482.1  0.000399992
 -482  0.000399992
 -481.9  0.000399992
 -481.8  0.000399992
 -481.7  0.000199996
 -481.6  0.000199996
 -481.5  0.000799984
 -481.4  0.000199996
 -481.3  0.000199996
 -481.2  0
 -481.1  0.000399992
 -481  0.000399992
 -480.9  0
 -480.8  0.00139997
 -480.7  0.000599988
 -480.6  0.000199996
 -480.5  0.00099998
 -480.4  0.000399992
 -480.3  0.000199996
 -480.2  0.000799984
 -480.1  0.000399992
 -480  0.000599988
 -479.9  0.000199996
 -479.8  0
 -479.7  0.000199996
 -479.6  0
 -479.5  0.000399992
 -479.4  0.000399992
 -479.3  0.000399992
 -479.2  0
 -479.1  0.000399992
 -479  0.000199996
 -478.9  0.000599988
 -478.8  0.000399992
 -478.7  0.000599988
 -478.6  0.000799984
 -478.5  0.000399992
 -478.4  0.000199996
 -478.3  0.000399992
 -478.2  0
 -478.1  0.000399992
 -478  0.000399992
 -477.9  0.000599988
 -477.8  0
 -477.7  0.000199996
 -477.6  0.000199996
 -477.5  0.00099998
 -477.4  0
 -477.3  0.000399992
 -477.2  0.000599988
 -477.1  0.000199996
 -477  0.000599988
 -476.9  0.000399992
 -476.8  0.000399992
 -476.7  0.000599988
 -476.6  0.000799984
 -476.5  0.000599988
 -476.4  0.000399992
 -476.3  0.000199996
 -476.2  0.000599988
 -476.1  0.000199996
 -476  0.000399992
 -475.9  0.000399992
 -475.8  0.000399992
 -475.7  0.000199996
 -475.6  0.00159997
 -475.5  0
 -475.4  0.000399992
 -475.3  0.000399992
 -475.2  0.000399992
 -475.1  0
 -475  0.000399992
 -474.9  0.000599988
 -474.8  0.000399992
 -474.7  0.000599988
 -474.6  0
 -474.5  0.000599988
 -474.4  0.000799984
 -474.3  0.000399992
 -474.2  0.000199996
 -474.1  0.000599988
 -474  0.000199996
 -473.9  0.000599988
 -473.8  0.000599988
 -473.7  0
 -473.6  0
 -473.5  0.000199996
 -473.4  0.000799984
 -473.3  0.000199996
 -473.2  0.000399992
 -473.1  0
 -473  0.000199996
 -472.9  0.000399992
 -472.8  0.000599988
 -472.7  0.000399992
 -472.6  0
 -472.5  0.000599988
 -472.4  0.000599988
 -472.3  0
 -472.2  0.000799984
 -472.1  0.000399992
 -472  0
 -471.9  0.000199996
 -471.8  0.000599988
 -471.7  0.000599988
 -471.6  0.000599988
 -471.5  0.000799984
 -471.4  0
 -471.3  0.000199996
 -471.2  0
 -471.1  0
 -471  0.000799984
 -470.9  0.000199996
 -470.8  0.000399992
 -470.7  0.000599988
 -470.6  0.000199996
 -470.5  0.00119998
 -470.4  0.000399992
 -470.3  0.000599988
 -470.2  0.000199996
 -470.1  0.000599988
 -470  0.000199996
 -469.9  0.000199996
 -469.8  0.000199996
 -469.7  0.000399992
 -469.6  0.000399992
 -469.5  0.000399992
 -469.4  0.000599988
 -469.3  0.00099998
 -469.2  0.000199996
 -469.1  0.000399992
 -469  0
 -468.9  0.000199996
 -468.8  0.000599988
 -468.7  0.000199996
 -468.6  0.000199996
 -468.5  0
 -468.4  0.000399992
 -468.3  0.000399992
 -468.2  0.000199996
 -468.1  0.000599988
 -468  0.000199996
 -467.9  0.000799984
 -467.8  0.000399992
 -467.7  0.000199996
 -467.6  0.000199996
 -467.5  0.000199996
 -467.4  0.000399992
 -467.3  0.000399992
 -467.2  0.000799984
 -467.1  0.000399992
 -467  0.000399992
 -466.9  0.000799984
 -466.8  0.000399992
 -466.7  0.000399992
 -466.6  0.00099998
 -466.5  0.000399992
 -466.4  0.00139997
 -466.3  0
 -466.2  0.000199996
 -466.1  0.000399992
 -466  0.000199996
 -465.9  0.000399992
 -465.8  0.000599988
 -465.7  0.000399992
 -465.6  0.000399992
 -465.5  0.000399992
 -465.4  0.000799984
 -465.3  0.000199996
 -465.2  0.000399992
 -465.1  0.000799984
 -465  0
 -464.9  0.000599988
 -464.8  0.000199996
 -464.7  0.00099998
 -464.6  0.000399992
 -464.5  0.000399992
 -464.4  0.000599988
 -464.3  0
 -464.2  0.000799984
 -464.1  0.000399992
 -464  0.000399992
 -463.9  0
 -463.8  0.000399992
 -463.7  0.000199996
 -463.6  0.000599988
 -463.5  0.000199996
 -463.4  0.00099998
 -463.3  0
 -463.2  0.000399992
 -463.1  0
 -463  0.000599988
 -462.9  0.00099998
 -462.8  0.000599988
 -462.7  0.000799984
 -462.6  0.000199996
 -462.5  0.000399992
 -462.4  0.000199996
 -462.3  0.000399992
 -462.2  0.000199996
 -462.1  0.000399992
 -462  0.00099998
 -461.9  0.000399992
 -461.8  0.000199996
 -461.7  0.000599988
 -461.6  0.000399992
 -461.5  0.000799984
 -461.4  0.000199996
 -461.3  0.000599988
 -461.2  0.000399992
 -461.1  0.000799984
 -461  0.000199996
 -460.9  0.000399992
 -460.8  0.000599988
 -460.7  0.000399992
 -460.6  0.000799984
 -460.5  0.000599988
 -460.4  0.000599988
 -460.3  0.000199996
 -460.2  0.000599988
 -460.1  0.000199996
 -460  0.00139997
 -459.9  0.000399992
 -459.8  0.000399992
 -459.7  0.000599988
 -459.6  0.000199996
 -459.5  0.000399992
 -459.4  0
 -459.3  0.000599988
 -459.2  0.000799984
 -459.1  0.000399992
 -459  0.000399992
 -458.9  0.00099998
 -458.8  0.000799984
 -458.7  0.000599988
 -458.6  0.000599988
 -458.5  0.000199996
 -458.4  0.00119998
 -458.3  0.000199996
 -458.2  0.000399992
 -458.1  0.000799984
 -458  0.000599988
 -457.9  0.000399992
 -457.8  0.000199996
 -457.7  0.00099998
 -457.6  0.000599988
 -457.5  0.000799984
 -457.4  0.000199996
 -457.3  0.00099998
 -457.2  0.000399992
 -457.1  0.000599988
 -457  0.000399992
 -456.9  0.000599988
 -456.8  0.000399992
 -456.7  0.000599988
 -456.6  0.00099998
 -456.5  0.000799984
 -456.4  0.000199996
 -456.3  0.00099998
 -456.2  0.00119998
 -456.1  0.000199996
 -456  0.00099998
 -455.9  0
 -455.8  0.00099998
 -455.7  0.000199996
 -455.6  0.000799984
 -455.5  0.000599988
 -455.4  0.000799984
 -455.3  0.00099998
 -455.2  0.000799984
 -455.1  0.000799984
 -455  0
 -454.9  0.00099998
 -454.8  0.000399992
 -454.7  0.000599988
 -454.6  0.000799984
 -454.5  0.00099998
 -454.4  0.000399992
 -454.3  0.000599988
 -454.2  0.000199996
 -454.1  0
 -454  0.00099998
 -453.9  0.000199996
 -453.8  0.00119998
 -453.7  0.000399992
 -453.6  0.000199996
 -453.5  0.000199996
 -453.4  0.000799984
 -453.3  0.000599988
 -453.2  0.000199996
 -453.1  0.000399992
 -453  0.000599988
 -452.9  0.000599988
 -452.8  0.000799984
 -452.7  0
 -452.6  0.000399992
 -452.5  0.000399992
 -452.4  0.000199996
 -452.3  0.000799984
 -452.2  0.00099998
 -452.1  0.000399992
 -452  0.000399992
 -451.9  0.000399992
 -451.8  0.000599988
 -451.7  0.00139997
 -451.6  0.00099998
 -451.5  0.000399992
 -451.4  0
 -451.3  0.000199996
 -451.2  0.000799984
 -451.1  0.000199996
 -451  0.000399992
 -450.9  0.000599988
 -450.8  0.00099998
 -450.7  0.000399992
 -450.6  0.000799984
 -450.5  0.000599988
 -450.4  0.000799984
 -450.3  0.000199996
 -450.2  0.000399992
 -450.1  0.000599988
 -450  0.00119998
 -449.9  0.00099998
 -449.8  0.000599988
 -449.7  0.000599988
 -449.6  0.000399992
 -449.5  0.00119998
 -449.4  0.000399992
 -449.3  0
 -449.2  0.000399992
 -449.1  0
 -449  0.000199996
 -448.9  0.000199996
 -448.8  0.000399992
 -448.7  0.000199996
 -448.6  0.000199996
 -448.5  0.000599988
 -448.4  0.000399992
 -448.3  0.000599988
 -448.2  0.000599988
 -448.1  0.000799984
 -448  0.000199996
 -447.9  0.000199996
 -447.8  0.000599988
 -447.7  0
 -447.6  0.000399992
 -447.5  0.000799984
 -447.4  0.000399992
 -447.3  0
 -447.2  0.000399992
 -447.1  0.000599988
 -447  0.000799984
 -446.9  0.000399992
 -446.8  0
 -446.7  0.000599988
 -446.6  0.000199996
 -446.5  0.000399992
 -446.4  0.000799984
 -446.3  0.000199996
 -446.2  0.000199996
 -446.1  0.000399992
 -446  0.000199996
 -445.9  0
 -445.8  0.000399992
 -445.7  0.000199996
 -445.6  0.000199996
 -445.5  0.000599988
 -445.4  0.000199996
 -445.3  0.000199996
 -445.2  0
 -445.1  0.000799984
 -445  0.000599988
 -444.9  0
 -444.8  0.000399992
 -444.7  0.000799984
 -444.6  0.000799984
 -444.5  0
 -444.4  0.000199996
 -444.3  0.000199996
 -444.2  0.000399992
 -444.1  0
 -444  0.000799984
 -443.9  0.000799984
 -443.8  0.000199996
 -443.7  0.000399992
 -443.6  0.000399992
 -443.5  0.000399992
 -443.4  0.000199996
 -443.3  0.000399992
 -443.2  0.000199996
 -443.1  0.000799984
 -443  0.000799984
 -442.9  0.000199996
 -442.8  0.000199996
 -442.7  0.000799984
 -442.6  0.000799984
 -442.5  0
 -442.4  0.000199996
 -442.3  0.00099998
 -442.2  0.000199996
 -442.1  0.000399992
 -442  0.000399992
 -441.9  0.000599988
 -441.8  0.000799984
 -441.7  0.000599988
 -441.6  0.000199996
 -441.5  0.00099998
 -441.4  0.000199996
 -441.3  0
 -441.2  0.000599988
 -441.1  0.000199996
 -441  0.000399992
 -440.9  0.000399992
 -440.8  0.000399992
 -440.7  0.000399992
 -440.6  0.000399992
 -440.5  0.00099998
 -440.4  0.000399992
 -440.3  0.000399992
 -440.2  0.000199996
 -440.1  0.000199996
 -440  0.000399992
 -439.9  0
 -439.8  0.000599988
 -439.7  0.000399992
 -439.6  0.000599988
 -439.5  0
 -439.4  0.000399992
 -439.3  0.000199996
 -439.2  0.000799984
 -439.1  0.000199996
 -439  0.000399992
 -438.9  0.000599988
 -438.8  0.000399992
 -438.7  0.000599988
 -438.6  0.000199996
 -438.5  0.000199996
 -438.4  0
 -438.3  0.000399992
 -438.2  0
 -438.1  0.000199996
 -438  0.00099998
 -437.9  0.00119998
 -437.8  0.000799984
 -437.7  0.000399992
 -437.6  0.000399992
 -437.5  0.000199996
 -437.4  0.000399992
 -437.3  0.000199996
 -437.2  0.000199996
 -437.1  0.000799984
 -437  0.000399992
 -436.9  0.000199996
 -436.8  0.000799984
 -436.7  0.00099998
 -436.6  0.000599988
 -436.5  0.000599988
 -436.4  0.000199996
 -436.3  0.000799984
 -436.2  0.000199996
 -436.1  0.000599988
 -436  0.00119998
 -435.9  0
 -435.8  0.000599988
 -435.7  0.000399992
 -435.6  0.000399992
 -435.5  0.000399992
 -435.4  0.000399992
 -435.3  0.000399992
 -435.2  0.000199996
 -435.1  0.00099998
 -435  0.000399992
 -434.9  0.000399992
 -434.8  0
 -434.7  0.000799984
 -434.6  0.000199996
 -434.5  0.000399992
 -434.4  0.000399992
 -434.3  0.000799984
 -434.2  0.000199996
 -434.1  0.000799984
 -434  0.000399992
 -433.9  0.000199996
 -433.8  0.000799984
 -433.7  0.000599988
 -433.6  0.000199996
 -433.5  0.000399992
 -433.4  0.00119998
 -433.3  0.000799984
 -433.2  0.000599988
 -433.1  0.000599988
 -433  0.000199996
 -432.9  0.000399992
 -432.8  0.000399992
 -432.7  0
 -432.6  0.000599988
 -432.5  0.000399992
 -432.4  0.000199996
 -432.3  0.000799984
 -432.2  0.000199996
 -432.1  0.000199996
 -432  0.000599988
 -431.9  0.000799984
 -431.8  0
 -431.7  0.000399992
 -431.6  0.000399992
 -431.5  0.000399992
 -431.4  0.000799984
 -431.3  0.000599988
 -431.2  0.000399992
 -431.1  0.000599988
 -431  0.000399992
 -430.9  0.000199996
 -430.8  0
 -430.7  0.00159997
 -430.6  0.000199996
 -430.5  0
 -430.4  0.000199996
 -430.3  0.000799984
 -430.2  0.000399992
 -430.1  0.000399992
 -430  0
 -429.9  0.000799984
 -429.8  0.000599988
 -429.7  0.000799984
 -429.6  0.000399992
 -429.5  0.000199996
 -429.4  0.000799984
 -429.3  0.000399992
 -429.2  0.000199996
 -429.1  0.000599988
 -429  0.000599988
 -428.9  0.000399992
 -428.8  0.000399992
 -428.7  0.000599988
 -428.6  0.000799984
 -428.5  0.000399992
 -428.4  0.000199996
 -428.3  0
 -428.2  0.000599988
 -428.1  0.000399992
 -428  0.000599988
 -427.9  0.000199996
 -427.8  0.000399992
 -427.7  0.00119998
 -427.6  0.000399992
 -427.5  0.000599988
 -427.4  0.000399992
 -427.3  0.000199996
 -427.2  0.000599988
 -427.1  0.000599988
 -427  0.00119998
 -426.9  0.000399992
 -426.8  0.000399992
 -426.7  0.000799984
 -426.6  0.000199996
 -426.5  0.000399992
 -426.4  0.000399992
 -426.3  0.000799984
 -426.2  0.000599988
 -426.1  0
 -426  0.00099998
 -425.9  0.000599988
 -425.8  0.000399992
 -425.7  0.000599988
 -425.6  0.000399992
 -425.5  0.000399992
 -425.4  0.000199996
 -425.3  0.00099998
 -425.2  0.000399992
 -425.1  0.000399992
 -425  0
 -424.9  0.000399992
 -424.8  0.000799984
 -424.7  0.000399992
 -424.6  0.000199996
 -424.5  0
 -424.4  0.000599988
 -424.3  0.000399992
 -424.2  0.000599988
 -424.1  0.000599988
 -424  0.000599988
 -423.9  0.000399992
 -423.8  0.000599988
 -423.7  0.000599988
 -423.6  0.000599988
 -423.5  0.000199996
 -423.4  0.000199996
 -423.3  0
 -423.2  0.000799984
 -423.1  0.000599988
 -423  0.000199996
 -422.9  0.000599988
 -422.8  0.000199996
 -422.7  0.000399992
 -422.6  0.000399992
 -422.5  0.00099998
 -422.4  0.000599988
 -422.3  0.000199996
 -422.2  0.000199996
 -422.1  0
 -422  0.000399992
 -421.9  0.000599988
 -421.8  0.00119998
 -421.7  0.000799984
 -421.6  0.000799984
 -421.5  0.00099998
 -421.4  0.00139997
 -421.3  0.000399992
 -421.2  0.000799984
 -421.1  0.000199996
 -421  0.000399992
 -420.9  0.000399992
 -420.8  0.000599988
 -420.7  0.000599988
 -420.6  0.000399992
 -420.5  0.000599988
 -420.4  0.000199996
 -420.3  0.000399992
 -420.2  0.000199996
 -420.1  0.000399992
 -420  0.000399992
 -419.9  0
 -419.8  0.000799984
 -419.7  0.00119998
 -419.6  0.000599988
 -419.5  0.000199996
 -419.4  0.000199996
 -419.3  0.000799984
 -419.2  0.000599988
 -419.1  0.000399992
 -419  0.000399992
 -418.9  0.000199996
 -418.8  0.000599988
 -418.7  0.000799984
 -418.6  0.000399992
 -418.5  0.000599988
 -418.4  0.00099998
 -418.3  0.000399992
 -418.2  0.000399992
 -418.1  0
 -418  0.000799984
 -417.9  0.000599988
 -417.8  0.000399992
 -417.7  0.000599988
 -417.6  0.000199996
 -417.5  0.000599988
 -417.4  0.000599988
 -417.3  0.000599988
 -417.2  0.000599988
 -417.1  0.000399992
 -417  0.000599988
 -416.9  0.000399992
 -416.8  0.000799984
 -416.7  0.000599988
 -416.6  0.000399992
 -416.5  0.000199996
 -416.4  0.000399992
 -416.3  0.00099998
 -416.2  0.000199996
 -416.1  0.000199996
 -416  0.000599988
 -415.9  0.000799984
 -415.8  0.000199996
 -415.7  0.000599988
 -415.6  0.000399992
 -415.5  0
 -415.4  0.000399992
 -415.3  0.000599988
 -415.2  0
 -415.1  0.000199996
 -415  0.000799984
 -414.9  0.000399992
 -414.8  0.000199996
 -414.7  0.000799984
 -414.6  0.000799984
 -414.5  0.000399992
 -414.4  0.000799984
 -414.3  0.00119998
 -414.2  0.000399992
 -414.1  0.000799984
 -414  0.000599988
 -413.9  0.000599988
 -413.8  0.000199996
 -413.7  0.000199996
 -413.6  0.000199996
 -413.5  0
 -413.4  0.000399992
 -413.3  0.000399992
 -413.2  0.00099998
 -413.1  0.000799984
 -413  0.000399992
 -412.9  0.000199996
 -412.8  0
 -412.7  0.000599988
 -412.6  0.000599988
 -412.5  0.000199996
 -412.4  0.000399992
 -412.3  0.000199996
 -412.2  0.000199996
 -412.1  0.000599988
 -412  0.000199996
 -411.9  0
 -411.8  0.000599988
 -411.7  0.000199996
 -411.6  0
 -411.5  0.000799984
 -411.4  0.000799984
 -411.3  0.00119998
 -411.2  0.000399992
 -411.1  0.000399992
 -411  0.000399992
 -410.9  0.000799984
 -410.8  0.000199996
 -410.7  0.000199996
 -410.6  0
 -410.5  0.000199996
 -410.4  0.000399992
 -410.3  0.000199996
 -410.2  0.000599988
 -410.1  0.000199996
 -410  0.000399992
 -409.9  0.000399992
 -409.8  0.000199996
 -409.7  0.000399992
 -409.6  0.000199996
 -409.5  0.00159997
 -409.4  0.000399992
 -409.3  0.000599988
 -409.2  0.000199996
 -409.1  0.000199996
 -409  0.000599988
 -408.9  0.00099998
 -408.8  0.00099998
 -408.7  0.000199996
 -408.6  0
 -408.5  0.000799984
 -408.4  0.000199996
 -408.3  0.000399992
 -408.2  0.000599988
 -408.1  0.000199996
 -408  0.000599988
 -407.9  0.00139997
 -407.8  0.000399992
 -407.7  0
 -407.6  0.00099998
 -407.5  0.000599988
 -407.4  0.000799984
 -407.3  0
 -407.2  0.000599988
 -407.1  0.000199996
 -407  0.000199996
 -406.9  0.000199996
 -406.8  0.000599988
 -406.7  0.000399992
 -406.6  0.000599988
 -406.5  0
 -406.4  0.000199996
 -406.3  0.000599988
 -406.2  0.000399992
 -406.1  0.000599988
 -406  0.000399992
 -405.9  0.000399992
 -405.8  0.000599988
 -405.7  0.000199996
 -405.6  0.00099998
 -405.5  0.000399992
 -405.4  0.000199996
 -405.3  0.000399992
 -405.2  0.000199996
 -405.1  0.000399992
 -405  0.000199996
 -404.9  0.000399992
 -404.8  0.000199996
 -404.7  0.000199996
 -404.6  0.000599988
 -404.5  0.00099998
 -404.4  0.000199996
 -404.3  0
 -404.2  0.000399992
 -404.1  0.000599988
 -404  0.000599988
 -403.9  0.000399992
 -403.8  0.000399992
 -403.7  0.000199996
 -403.6  0.000599988
 -403.5  0.000599988
 -403.4  0.000199996
 -403.3  0.000199996
 -403.2  0.000599988
 -403.1  0.000199996
 -403  0
 -402.9  0.000799984
 -402.8  0.000199996
 -402.7  0.000599988
 -402.6  0.000199996
 -402.5  0.000599988
 -402.4  0.000199996
 -402.3  0.000799984
 -402.2  0.000199996
 -402.1  0.000399992
 -402  0.000199996
 -401.9  0.000399992
 -401.8  0.000399992
 -401.7  0
 -401.6  0.000199996
 -401.5  0.000599988
 -401.4  0
 -401.3  0.000399992
 -401.2  0.000599988
 -401.1  0.000399992
 -401  0
 -400.9  0.000399992
 -400.8  0.000599988
 -400.7  0
 -400.6  0.000599988
 -400.5  0.000599988
 -400.4  0.000599988
 -400.3  0.000399992
 -400.2  0
 -400.1  0
 -400  0.000399992
 -399.9  0.00139997
 -399.8  0.000399992
 -399.7  0.000199996
 -399.6  0.000199996
 -399.5  0
 -399.4  0.000599988
 -399.3  0.000199996
 -399.2  0.000399992
 -399.1  0
 -399  0.000199996
 -398.9  0.000199996
 -398.8  0.000199996
 -398.7  0.000399992
 -398.6  0.000399992
 -398.5  0.000199996
 -398.4  0.000199996
 -398.3  0
 -398.2  0.000399992
 -398.1  0.000599988
 -398  0.000399992
 -397.9  0.000199996
 -397.8  0.000399992
 -397.7  0
 -397.6  0.000199996
 -397.5  0.000199996
 -397.4  0.000199996
 -397.3  0.000399992
 -397.2  0.000399992
 -397.1  0
 -397  0
 -396.9  0
 -396.8  0.000399992
 -396.7  0.000399992
 -396.6  0.000199996
 -396.5  0.000399992
 -396.4  0
 -396.3  0.000199996
 -396.2  0
 -396.1  0.000399992
 -396  0.000199996
 -395.9  0
 -395.8  0.000199996
 -395.7  0.000399992
 -395.6  0
 -395.5  0.000399992
 -395.4  0.000399992
 -395.3  0
 -395.2  0.000399992
 -395.1  0.000199996
 -395  0
 -394.9  0.000199996
 -394.8  0.000199996
 -394.7  0.000599988
 -394.6  0.000399992
 -394.5  0
 -394.4  0.000399992
 -394.3  0.000399992
 -394.2  0.000199996
 -394.1  0.000199996
 -394  0
 -393.9  0.000399992
 -393.8  0.000399992
 -393.7  0
 -393.6  0.000199996
 -393.5  0
 -393.4  0.000199996
 -393.3  0
 -393.2  0.000199996
 -393.1  0.000399992
 -393  0.000599988
 -392.9  0.000199996
 -392.8  0.000199996
 -392.7  0.000399992
 -392.6  0.000599988
 -392.5  0
 -392.4  0.000199996
 -392.3  0
 -392.2  0
 -392.1  0.000799984
 -392  0.000199996
 -391.9  0.000399992
 -391.8  0.000199996
 -391.7  0.000199996
 -391.6  0.000199996
 -391.5  0
 -391.4  0.000199996
 -391.3  0.000199996
 -391.2  0.000199996
 -391.1  0.000399992
 -391  0.000599988
 -390.9  0.000199996
 -390.8  0.000399992
 -390.7  0
 -390.6  0.000399992
 -390.5  0.000199996
 -390.4  0.000199996
 -390.3  0.000399992
 -390.2  0
 -390.1  0.000199996
 -390  0.000599988
 -389.9  0.000399992
 -389.8  0.000599988
 -389.7  0
 -389.6  0.000199996
 -389.5  0.000199996
 -389.4  0.000799984
 -389.3  0.000399992
 -389.2  0
 -389.1  0
 -389  0.000199996
 -388.9  0.000199996
 -388.8  0.000199996
 -388.7  0.000199996
 -388.6  0
 -388.5  0.000199996
 -388.4  0
 -388.3  0.000199996
 -388.2  0.000199996
 -388.1  0.000399992
 -388  0.000199996
 -387.9  0
 -387.8  0.000199996
 -387.7  0.00099998
 -387.6  0.000399992
 -387.5  0.000399992
 -387.4  0
 -387.3  0.000399992
 -387.2  0.000399992
 -387.1  0
 -387  0.000199996
 -386.9  0
 -386.8  0
 -386.7  0.000199996
 -386.6  0
 -386.5  0
 -386.4  0.000199996
 -386.3  0.000399992
 -386.2  0.000199996
 -386.1  0
 -386  0.000399992
 -385.9  0
 -385.8  0.000199996
 -385.7  0
 -385.6  0
 -385.5  0
 -385.4  0
 -385.3  0.000399992
 -385.2  0
 -385.1  0
 -385  0.000199996
 -384.9  0.000599988
 -384.8  0.000399992
 -384.7  0
 -384.6  0
 -384.5  0.000199996
 -384.4  0
 -384.3  0.000199996
 -384.2  0.000399992
 -384.1  0
 -384  0.000199996
 -383.9  0
 -383.8  0.000199996
 -383.7  0
 -383.6  0.000399992
 -383.5  0
 -383.4  0
 -383.3  0
 -383.2  0
 -383.1  0
 -383  0
 -382.9  0
 -382.8  0
 -382.7  0
 -382.6  0
 -382.5  0.000199996
 -382.4  0
 -382.3  0
 -382.2  0.000199996
 -382.1  0
 -382  0.000399992
 -381.9  0.000199996
 -381.8  0
 -381.7  0
 -381.6  0
 -381.5  0
 -381.4  0
 -381.3  0.000399992
 -381.2  0.000199996
 -381.1  0.000199996
 -381  0.000199996
 -380.9  0
 -380.8  0
 -380.7  0.000199996
 -380.6  0
 -380.5  0.000199996
 -380.4  0.000399992
 -380.3  0
 -380.2  0
 -380.1  0
 -380  0.000399992
 -379.9  0.000199996
 -379.8  0.000199996
 -379.7  0.000199996
 -379.6  0
 -379.5  0
 -379.4  0
 -379.3  0.000199996
 -379.2  0
 -379.1  0.000199996
 -379  0.000199996
 -378.9  0.000399992
 -378.8  0
 -378.7  0
 -378.6  0
 -378.5  0
 -378.4  0
 -378.3  0
 -378.2  0.000399992
 -378.1  0
 -378  0
 -377.9  0.000199996
 -377.8  0
 -377.7  0.000199996
 -377.6  0
 -377.5  0
 -377.4  0.000199996
 -377.3  0
 -377.2  0
 -377.1  0
 -377  0
 -376.9  0.000199996
 -376.8  0
 -376.7  0.000199996
 -376.6  0
 -376.5  0
 -376.4  0
 -376.3  0
 -376.2  0
 -376.1  0.000199996
 -376  0
 -375.9  0
 -375.8  0.000199996
 -375.7  0
 -375.6  0.000199996
 -375.5  0.000199996
 -375.4  0
 -375.3  0
 -375.2  0
 -375.1  0.000599988
 -375  0
 -374.9  0
 -374.8  0
 -374.7  0.000399992
 -374.6  0
 -374.5  0
 -374.4  0.000399992
 -374.3  0.000399992
 -374.2  0
 -374.1  0
 -374  0
 -373.9  0.000199996
 -373.8  0
 -373.7  0
 -373.6  0
 -373.5  0
 -373.4  0
 -373.3  0
 -373.2  0.000199996
 -373.1  0
 -373  0.000199996
 -372.9  0.000199996
 -372.8  0.000199996
 -372.7  0
 -372.6  0
 -372.5  0
 -372.4  0.000199996
 -372.3  0
 -372.2  0
 -372.1  0
 -372  0
 -371.9  0.000199996
 -371.8  0
 -371.7  0.000199996
 -371.6  0
 -371.5  0
 -371.4  0
 -371.3  0
 -371.2  0.000199996
 -371.1  0
 -371  0
 -370.9  0.000399992
 -370.8  0
 -370.7  0
 -370.6  0
 -370.5  0.000399992
 -370.4  0
 -370.3  0
 -370.2  0
 -370.1  0
 -370  0
 -369.9  0
 -369.8  0
 -369.7  0
 -369.6  0
 -369.5  0
 -369.4  0.000199996
 -369.3  0
 -369.2  0
 -369.1  0
 -369  0.000199996
 -368.9  0
 -368.8  0
 -368.7  0
 -368.6  0
 -368.5  0
 -368.4  0.000199996
 -368.3  0.000199996
 -368.2  0.000199996
 -368.1  0
 -368  0
 -367.9  0.000199996
 -367.8  0
 -367.7  0
 -367.6  0
 -367.5  0
 -367.4  0
 -367.3  0
 -367.2  0
 -367.1  0
 -367  0
 -366.9  0
 -366.8  0
 -366.7  0.000199996
 -366.6  0
 -366.5  0
 -366.4  0
 -366.3  0
 -366.2  0
 -366.1  0
 -366  0
 -365.9  0
 -365.8  0
 -365.7  0
 -365.6  0
 -365.5  0
 -365.4  0.000199996
 -365.3  0
 -365.2  0
 -365.1  0
 -365  0
 -364.9  0
 -364.8  0
 -364.7  0
 -364.6  0.000199996
 -364.5  0
 -364.4  0
 -364.3  0
 -364.2  0
 -364.1  0
 -364  0
 -363.9  0
 -363.8  0
 -363.7  0
 -363.6  0
 -363.5  0
 -363.4  0
 -363.3  0
 -363.2  0
 -363.1  0
 -363  0
 -362.9  0
 -362.8  0
 -362.7  0
 -362.6  0
 -362.5  0
 -362.4  0
 -362.3  0
 -362.2  0
 -362.1  0
 -362  0
 -361.9  0
 -361.8  0
 -361.7  0
 -361.6  0
 -361.5  0
 -361.4  0
 -361.3  0
 -361.2  0
 -361.1  0
 -361  0
 -360.9  0
 -360.8  0
 -360.7  0
 -360.6  0
 -360.5  0
 -360.4  0
 -360.3  0.000199996
 -360.2  0
 -360.1  0
 -360  0
 -359.9  0
 -359.8  0
 -359.7  0
 -359.6  0
 -359.5  0
 -359.4  0
 -359.3  0
 -359.2  0
 -359.1  0
 -359  0
 -358.9  0
 -358.8  0
 -358.7  0
 -358.6  0
 -358.5  0.000199996
 -358.4  0
 -358.3  0
 -358.2  0
 -358.1  0
 -358  0
 -357.9  0
 -357.8  0
 -357.7  0
 -357.6  0
 -357.5  0
 -357.4  0.000199996
 -357.3  0
 -357.2  0
 -357.1  0
 -357  0
 -356.9  0
 -356.8  0
 -356.7  0
 -356.6  0
 -356.5  0
 -356.4  0
 -356.3  0
 -356.2  0
 -356.1  0
 -356  0
 -355.9  0
 -355.8  0
 -355.7  0
 -355.6  0
 -355.5  0
 -355.4  0
 -355.3  0
 -355.2  0
 -355.1  0
 -355  0
 -354.9  0
 -354.8  0
 -354.7  0
 -354.6  0
 -354.5  0
 -354.4  0
 -354.3  0
 -354.2  0
 -354.1  0
 -354  0
 -353.9  0
 -353.8  0
 -353.7  0
 -353.6  0
 -353.5  0
 -353.4  0
 -353.3  0
 -353.2  0
 -353.1  0
 -353  0
 -352.9  0
 -352.8  0
 -352.7  0
 -352.6  0
 -352.5  0
 -352.4  0
 -352.3  0
 -352.2  0
 -352.1  0
 -352  0
 -351.9  0
 -351.8  0
 -351.7  0
 -351.6  0
 -351.5  0
 -351.4  0
 -351.3  0
 -351.2  0
 -351.1  0
 -351  0
 -350.9  0
 -350.8  0
 -350.7  0
 -350.6  0
 -350.5  0
 -350.4  0
 -350.3  0
 -350.2  0
 -350.1  0
 -350  0
 -349.9  0
 -349.8  0
 -349.7  0
 -349.6  0
 -349.5  0
 -349.4  0
 -349.3  0
 -349.2  0
 -349.1  0
 -349  0
 -348.9  0
 -348.8  0
 -348.7  0
 -348.6  0
 -348.5  0
 -348.4  0
 -348.3  0
 -348.2  0
 -348.1  0
 -348  0
 -347.9  0
 -347.8  0
 -347.7  0
 -347.6  0
 -347.5  0
 -347.4  0
 -347.3  0
 -347.2  0
 -347.1  0
 -347  0
 -346.9  0
 -346.8  0
 -346.7  0
 -346.6  0
 -346.5  0
 -346.4  0.000199996
 -346.3  0
 -346.2  0
 -346.1  0
 -346  0
 -345.9  0
 -345.8  0
 -345.7  0
 -345.6  0
 -345.5  0
 -345.4  0
 -345.3  0
 -345.2  0
 -345.1  0
 -345  0
 -344.9  0
 -344.8  0
 -344.7  0
 -344.6  0
 -344.5  0
 -344.4  0
 -344.3  0
 -344.2  0
 -344.1  0
 -344  0
 -343.9  0
 -343.8  0
 -343.7  0
 -343.6  0
 -343.5  0
 -343.4  0
 -343.3  0
 -343.2  0
 -343.1  0
 -343  0
 -342.9  0
 -342.8  0
 -342.7  0
 -342.6  0
 -342.5  0
 -342.4  0
 -342.3  0
 -342.2  0
 -342.1  0
 -342  0
 -341.9  0
 -341.8  0
 -341.7  0
 -341.6  0
 -341.5  0
 -341.4  0
 -341.3  0
 -341.2  0
 -341.1  0
 -341  0
 -340.9  0
 -340.8  0
 -340.7  0
 -340.6  0
 -340.5  0
 -340.4  0
 -340.3  0
 -340.2  0
 -340.1  0
 -340  0
 -339.9  0
 -339.8  0
 -339.7  0
 -339.6  0
 -339.5  0
 -339.4  0
 -339.3  0
 -339.2  0
 -339.1  0
 -339  0
 -338.9  0
 -338.8  0
 -338.7  0
 -338.6  0
 -338.5  0
 -338.4  0
 -338.3  0
 -338.2  0
 -338.1  0
 -338  0
 -337.9  0
 -337.8  0
 -337.7  0
 -337.6  0
 -337.5  0
 -337.4  0
 -337.3  0
 -337.2  0
 -337.1  0
 -337  0
 -336.9  0
 -336.8  0
 -336.7  0
 -336.6  0
 -336.5  0
 -336.4  0
 -336.3  0
 -336.2  0
 -336.1  0
 -336  0
 -335.9  0
 -335.8  0
 -335.7  0
 -335.6  0
 -335.5  0
 -335.4  0
 -335.3  0
 -335.2  0
 -335.1  0
 -335  0
 -334.9  0
 -334.8  0
 -334.7  0
 -334.6  0
 -334.5  0
 -334.4  0
 -334.3  0
 -334.2  0
 -334.1  0
 -334  0
 -333.9  0
 -333.8  0
 -333.7  0
 -333.6  0
 -333.5  0
 -333.4  0
 -333.3  0
 -333.2  0
 -333.1  0
 -333  0
 -332.9  0
 -332.8  0
 -332.7  0
 -332.6  0
 -332.5  0
 -332.4  0
 -332.3  0
 -332.2  0
 -332.1  0
 -332  0
 -331.9  0
 -331.8  0
 -331.7  0
 -331.6  0
 -331.5  0
 -331.4  0
 -331.3  0
 -331.2  0
 -331.1  0
 -331  0
 -330.9  0
 -330.8  0
 -330.7  0
 -330.6  0
 -330.5  0
 -330.4  0
 -330.3  0
 -330.2  0
 -330.1  0
 -330  0
 -329.9  0
 -329.8  0
 -329.7  0
 -329.6  0
 -329.5  0
 -329.4  0
 -329.3  0
 -329.2  0
 -329.1  0
 -329  0
 -328.9  0
 -328.8  0
 -328.7  0.000199996
 -328.6  0
 -328.5  0
 -328.4  0
 -328.3  0
 -328.2  0
 -328.1  0
 -328  0
 -327.9  0
 -327.8  0
 -327.7  0
 -327.6  0
 -327.5  0
 -327.4  0
 -327.3  0
 -327.2  0
 -327.1  0
 -327  0
 -326.9  0
 -326.8  0
 -326.7  0
 -326.6  0
 -326.5  0
 -326.4  0
 -326.3  0
 -326.2  0
 -326.1  0
 -326  0
 -325.9  0
 -325.8  0
 -325.7  0
 -325.6  0
 -325.5  0
 -325.4  0
 -325.3  0
 -325.2  0
 -325.1  0
 -325  0
 -324.9  0
 -324.8  0
 -324.7  0
 -324.6  0
 -324.5  0
 -324.4  0
 -324.3  0
 -324.2  0
 -324.1  0
 -324  0
 -323.9  0
 -323.8  0
 -323.7  0
 -323.6  0
 -323.5  0
 -323.4  0
 -323.3  0
 -323.2  0
 -323.1  0
 -323  0
 -322.9  0
 -322.8  0
 -322.7  0
 -322.6  0
 -322.5  0
 -322.4  0
 -322.3  0
 -322.2  0
 -322.1  0
 -322  0
 -321.9  0
 -321.8  0
 -321.7  0
 -321.6  0
 -321.5  0
 -321.4  0
 -321.3  0
 -321.2  0
 -321.1  0
 -321  0
 -320.9  0
 -320.8  0
 -320.7  0
 -320.6  0
 -320.5  0
 -320.4  0
 -320.3  0
 -320.2  0
 -320.1  0
 -320  0
 -319.9  0
 -319.8  0
 -319.7  0
 -319.6  0
 -319.5  0
 -319.4  0
 -319.3  0
 -319.2  0
 -319.1  0
 -319  0
 -318.9  0
 -318.8  0
 -318.7  0
 -318.6  0
 -318.5  0
 -318.4  0
 -318.3  0
 -318.2  0
 -318.1  0
 -318  0
 -317.9  0
 -317.8  0
 -317.7  0
 -317.6  0
 -317.5  0
 -317.4  0
 -317.3  0
 -317.2  0
 -317.1  0
 -317  0
 -316.9  0
 -316.8  0
 -316.7  0
 -316.6  0
 -316.5  0
 -316.4  0
 -316.3  0
 -316.2  0
 -316.1  0
 -316  0
 -315.9  0
 -315.8  0
 -315.7  0
 -315.6  0
 -315.5  0
 -315.4  0
 -315.3  0
 -315.2  0
 -315.1  0
 -315  0
 -314.9  0
 -314.8  0
 -314.7  0
 -314.6  0
 -314.5  0
 -314.4  0
 -314.3  0
 -314.2  0
 -314.1  0
 -314  0
 -313.9  0.000199996
 -313.8  0
 -313.7  0
 -313.6  0
 -313.5  0
 -313.4  0
 -313.3  0
 -313.2  0
 -313.1  0
 -313  0
 -312.9  0
 -312.8  0
 -312.7  0
 -312.6  0
 -312.5  0
 -312.4  0
 -312.3  0
 -312.2  0
 -312.1  0
 -312  0
 -311.9  0
 -311.8  0
 -311.7  0
 -311.6  0
 -311.5  0
 -311.4  0
 -311.3  0
 -311.2  0
 -311.1  0
 -311  0
 -310.9  0
 -310.8  0
 -310.7  0
 -310.6  0
 -310.5  0
 -310.4  0
 -310.3  0
 -310.2  0
 -310.1  0
 -310  0
 -309.9  0
 -309.8  0
 -309.7  0
 -309.6  0
 -309.5  0
 -309.4  0
 -309.3  0
 -309.2  0
 -309.1  0
 -309  0
 -308.9  0
 -308.8  0
 -308.7  0
 -308.6  0.000199996
 -308.5  0
 -308.4  0
 -308.3  0.000199996
 -308.2  0
 -308.1  0
 -308  0
 -307.9  0
 -307.8  0
 -307.7  0
 -307.6  0
 -307.5  0
 -307.4  0
 -307.3  0
 -307.2  0
 -307.1  0
 -307  0
 -306.9  0
 -306.8  0
 -306.7  0
 -306.6  0
 -306.5  0
 -306.4  0
 -306.3  0
 -306.2  0
 -306.1  0
 -306  0
 -305.9  0
 -305.8  0
 -305.7  0
 -305.6  0.000199996
 -305.5  0
 -305.4  0
 -305.3  0
 -305.2  0
 -305.1  0
 -305  0
 -304.9  0.000199996
 -304.8  0
 -304.7  0
 -304.6  0
 -304.5  0
 -304.4  0
 -304.3  0
 -304.2  0
 -304.1  0
 -304  0
 -303.9  0
 -303.8  0
 -303.7  0
 -303.6  0
 -303.5  0
 -303.4  0
 -303.3  0
 -303.2  0
 -303.1  0
 -303  0
 -302.9  0
 -302.8  0
 -302.7  0
 -302.6  0
 -302.5  0
 -302.4  0
 -302.3  0
 -302.2  0
 -302.1  0
 -302  0
 -301.9  0
 -301.8  0
 -301.7  0
 -301.6  0
 -301.5  0
 -301.4  0
 -301.3  0
 -301.2  0
 -301.1  0.000199996
 -301  0
 -300.9  0
 -300.8  0
 -300.7  0
 -300.6  0
 -300.5  0
 -300.4  0
 -300.3  0
 -300.2  0
 -300.1  0
 -300  0
 -299.9  0.000199996
 -299.8  0
 -299.7  0
 -299.6  0
 -299.5  0
 -299.4  0
 -299.3  0
 -299.2  0.000199996
 -299.1  0
 -299  0
 -298.9  0
 -298.8  0
 -298.7  0
 -298.6  0
 -298.5  0
 -298.4  0
 -298.3  0
 -298.2  0
 -298.1  0
 -298  0
 -297.9  0
 -297.8  0
 -297.7  0
 -297.6  0
 -297.5  0
 -297.4  0
 -297.3  0
 -297.2  0.000199996
 -297.1  0
 -297  0
 -296.9  0
 -296.8  0
 -296.7  0
 -296.6  0
 -296.5  0
 -296.4  0
 -296.3  0
 -296.2  0
 -296.1  0
 -296  0
 -295.9  0
 -295.8  0
 -295.7  0
 -295.6  0
 -295.5  0
 -295.4  0
 -295.3  0
 -295.2  0
 -295.1  0
 -295  0
 -294.9  0
 -294.8  0
 -294.7  0
 -294.6  0
 -294.5  0
 -294.4  0
 -294.3  0
 -294.2  0
 -294.1  0
 -294  0
 -293.9  0
 -293.8  0
 -293.7  0
 -293.6  0
 -293.5  0
 -293.4  0
 -293.3  0
 -293.2  0.000199996
 -293.1  0
 -293  0
 -292.9  0
 -292.8  0
 -292.7  0
 -292.6  0
 -292.5  0
 -292.4  0
 -292.3  0
 -292.2  0.000199996
 -292.1  0
 -292  0
 -291.9  0
 -291.8  0
 -291.7  0.000199996
 -291.6  0
 -291.5  0
 -291.4  0
 -291.3  0
 -291.2  0
 -291.1  0
 -291  0
 -290.9  0
 -290.8  0
 -290.7  0.000199996
 -290.6  0
 -290.5  0.000399992
 -290.4  0.000199996
 -290.3  0.000199996
 -290.2  0
 -290.1  0
 -290  0
 -289.9  0
 -289.8  0
 -289.7  0
 -289.6  0.000199996
 -289.5  0
 -289.4  0
 -289.3  0
 -289.2  0
 -289.1  0
 -289  0
 -288.9  0
 -288.8  0
 -288.7  0
 -288.6  0
 -288.5  0
 -288.4  0
 -288.3  0
 -288.2  0
 -288.1  0
 -288  0
 -287.9  0
 -287.8  0.000199996
 -287.7  0
 -287.6  0
 -287.5  0
 -287.4  0.000199996
 -287.3  0
 -287.2  0
 -287.1  0
 -287  0
 -286.9  0
 -286.8  0
 -286.7  0
 -286.6  0
 -286.5  0.000199996
 -286.4  0
 -286.3  0
 -286.2  0
 -286.1  0
 -286  0
 -285.9  0
 -285.8  0
 -285.7  0
 -285.6  0
 -285.5  0.000199996
 -285.4  0
 -285.3  0
 -285.2  0
 -285.1  0
 -285  0.000199996
 -284.9  0
 -284.8  0
 -284.7  0.000199996
 -284.6  0
 -284.5  0
 -284.4  0
 -284.3  0
 -284.2  0.000199996
 -284.1  0
 -284  0
 -283.9  0
 -283.8  0
 -283.7  0
 -283.6  0
 -283.5  0.000199996
 -283.4  0
 -283.3  0.000199996
 -283.2  0
 -283.1  0
 -283  0
 -282.9  0.000399992
 -282.8  0
 -282.7  0
 -282.6  0
 -282.5  0
 -282.4  0
 -282.3  0
 -282.2  0
 -282.1  0.000199996
 -282  0.000199996
 -281.9  0
 -281.8  0
 -281.7  0.000199996
 -281.6  0
 -281.5  0.000399992
 -281.4  0
 -281.3  0.000199996
 -281.2  0
 -281.1  0.000199996
 -281  0.000199996
 -280.9  0
 -280.8  0.000199996
 -280.7  0
 -280.6  0
 -280.5  0
 -280.4  0
 -280.3  0.000199996
 -280.2  0
 -280.1  0
 -280  0
 -279.9  0
 -279.8  0
 -279.7  0.000199996
 -279.6  0.000399992
 -279.5  0
 -279.4  0.000199996
 -279.3  0.000199996
 -279.2  0.000399992
 -279.1  0
 -279  0
 -278.9  0
 -278.8  0
 -278.7  0.000199996
 -278.6  0
 -278.5  0
 -278.4  0.000399992
 -278.3  0.000199996
 -278.2  0.000199996
 -278.1  0
 -278  0
 -277.9  0
 -277.8  0.000199996
 -277.7  0
 -277.6  0.000199996
 -277.5  0
 -277.4  0
 -277.3  0
 -277.2  0
 -277.1  0
 -277  0.000199996
 -276.9  0
 -276.8  0.000399992
 -276.7  0
 -276.6  0.000199996
 -276.5  0.000199996
 -276.4  0.000199996
 -276.3  0.000199996
 -276.2  0
 -276.1  0
 -276  0
 -275.9  0.000399992
 -275.8  0.000199996
 -275.7  0
 -275.6  0.000199996
 -275.5  0
 -275.4  0
 -275.3  0
 -275.2  0.000399992
 -275.1  0
 -275  0.000199996
 -274.9  0
 -274.8  0
 -274.7  0
 -274.6  0.000199996
 -274.5  0
 -274.4  0
 -274.3  0
 -274.2  0
 -274.1  0.000199996
 -274  0
 -273.9  0
 -273.8  0.000199996
 -273.7  0.000199996
 -273.6  0
 -273.5  0.000199996
 -273.4  0
 -273.3  0
 -273.2  0.000199996
 -273.1  0
 -273  0
 -272.9  0.000199996
 -272.8  0.000199996
 -272.7  0
 -272.6  0.000199996
 -272.5  0.000199996
 -272.4  0
 -272.3  0.000199996
 -272.2  0.000199996
 -272.1  0
 -272  0.000199996
 -271.9  0
 -271.8  0
 -271.7  0.000199996
 -271.6  0
 -271.5  0.000199996
 -271.4  0
 -271.3  0
 -271.2  0
 -271.1  0
 -271  0
 -270.9  0
 -270.8  0
 -270.7  0
 -270.6  0
 -270.5  0
 -270.4  0
 -270.3  0
 -270.2  0.000199996
 -270.1  0
 -270  0
 -269.9  0
 -269.8  0
 -269.7  0.000199996
 -269.6  0.000199996
 -269.5  0
 -269.4  0
 -269.3  0
 -269.2  0
 -269.1  0.000199996
 -269  0
 -268.9  0
 -268.8  0.000599988
 -268.7  0
 -268.6  0.000199996
 -268.5  0
 -268.4  0.000199996
 -268.3  0
 -268.2  0
 -268.1  0
 -268  0
 -267.9  0
 -267.8  0
 -267.7  0.000199996
 -267.6  0
 -267.5  0
 -267.4  0
 -267.3  0.000199996
 -267.2  0.000199996
 -267.1  0
 -267  0
 -266.9  0
 -266.8  0
 -266.7  0
 -266.6  0.000399992
 -266.5  0
 -266.4  0
 -266.3  0
 -266.2  0
 -266.1  0
 -266  0.000199996
 -265.9  0
 -265.8  0
 -265.7  0
 -265.6  0
 -265.5  0.000199996
 -265.4  0.000199996
 -265.3  0.000199996
 -265.2  0.000199996
 -265.1  0.000199996
 -265  0.000399992
 -264.9  0.000199996
 -264.8  0
 -264.7  0
 -264.6  0.000199996
 -264.5  0.000599988
 -264.4  0
 -264.3  0.000399992
 -264.2  0.000399992
 -264.1  0.000199996
 -264  0.000199996
 -263.9  0.000199996
 -263.8  0.000199996
 -263.7  0
 -263.6  0.000199996
 -263.5  0.000199996
 -263.4  0.000199996
 -263.3  0
 -263.2  0
 -263.1  0.000199996
 -263  0
 -262.9  0.000399992
 -262.8  0.000199996
 -262.7  0.000199996
 -262.6  0.000199996
 -262.5  0
 -262.4  0.000199996
 -262.3  0
 -262.2  0
 -262.1  0
 -262  0.000199996
 -261.9  0.000199996
 -261.8  0.000199996
 -261.7  0.000199996
 -261.6  0.000199996
 -261.5  0
 -261.4  0.000399992
 -261.3  0.000199996
 -261.2  0
 -261.1  0
 -261  0.000199996
 -260.9  0.000199996
 -260.8  0.000199996
 -260.7  0
 -260.6  0
 -260.5  0
 -260.4  0
 -260.3  0.000199996
 -260.2  0.000199996
 -260.1  0
 -260  0
 -259.9  0
 -259.8  0
 -259.7  0
 -259.6  0
 -259.5  0.000199996
 -259.4  0.000399992
 -259.3  0.000199996
 -259.2  0.000199996
 -259.1  0.000399992
 -259  0.000399992
 -258.9  0
 -258.8  0
 -258.7  0
 -258.6  0.000199996
 -258.5  0
 -258.4  0
 -258.3  0
 -258.2  0.000199996
 -258.1  0.000199996
 -258  0.000199996
 -257.9  0
 -257.8  0.000199996
 -257.7  0
 -257.6  0.000199996
 -257.5  0.000399992
 -257.4  0.000399992
 -257.3  0.000399992
 -257.2  0.000199996
 -257.1  0.000199996
 -257  0.000199996
 -256.9  0.000199996
 -256.8  0.000599988
 -256.7  0.000199996
 -256.6  0.000199996
 -256.5  0
 -256.4  0
 -256.3  0.000199996
 -256.2  0.000399992
 -256.1  0
 -256  0
 -255.9  0.000399992
 -255.8  0
 -255.7  0
 -255.6  0
 -255.5  0.000399992
 -255.4  0.000399992
 -255.3  0.000199996
 -255.2  0
 -255.1  0.000199996
 -255  0
 -254.9  0
 -254.8  0.000199996
 -254.7  0
 -254.6  0
 -254.5  0.000399992
 -254.4  0.000199996
 -254.3  0
 -254.2  0.000199996
 -254.1  0
 -254  0.000199996
 -253.9  0.000399992
 -253.8  0.000199996
 -253.7  0
 -253.6  0
 -253.5  0.000399992
 -253.4  0.000199996
 -253.3  0.000399992
 -253.2  0.000599988
 -253.1  0
 -253  0
 -252.9  0.000399992
 -252.8  0
 -252.7  0
 -252.6  0.000199996
 -252.5  0
 -252.4  0.000599988
 -252.3  0.000199996
 -252.2  0.000199996
 -252.1  0.000399992
 -252  0
 -251.9  0.000199996
 -251.8  0
 -251.7  0.000199996
 -251.6  0.000199996
 -251.5  0.000399992
 -251.4  0
 -251.3  0
 -251.2  0.000399992
 -251.1  0.000199996
 -251  0
 -250.9  0
 -250.8  0
 -250.7  0.000599988
 -250.6  0.000199996
 -250.5  0.000199996
 -250.4  0
 -250.3  0.000199996
 -250.2  0
 -250.1  0.000199996
 -250  0
 -249.9  0
 -249.8  0.000199996
 -249.7  0
 -249.6  0.000599988
 -249.5  0.000199996
 -249.4  0.000199996
 -249.3  0.000399992
 -249.2  0.000399992
 -249.1  0.000199996
 -249  0.000599988
 -248.9  0.000399992
 -248.8  0
 -248.7  0.000199996
 -248.6  0.000199996
 -248.5  0.000199996
 -248.4  0.000399992
 -248.3  0.000199996
 -248.2  0
 -248.1  0.000399992
 -248  0.000199996
 -247.9  0
 -247.8  0
 -247.7  0.000199996
 -247.6  0.000399992
 -247.5  0
 -247.4  0
 -247.3  0.000399992
 -247.2  0.000199996
 -247.1  0.000399992
 -247  0.000399992
 -246.9  0.000199996
 -246.8  0.000199996
 -246.7  0
 -246.6  0
 -246.5  0.000199996
 -246.4  0.000199996
 -246.3  0
 -246.2  0.000399992
 -246.1  0
 -246  0
 -245.9  0
 -245.8  0.000199996
 -245.7  0.000199996
 -245.6  0
 -245.5  0.000399992
 -245.4  0
 -245.3  0
 -245.2  0.000199996
 -245.1  0
 -245  0.000199996
 -244.9  0
 -244.8  0.000199996
 -244.7  0
 -244.6  0
 -244.5  0.000199996
 -244.4  0.000199996
 -244.3  0
 -244.2  0
 -244.1  0
 -244  0
 -243.9  0
 -243.8  0
 -243.7  0
 -243.6  0.000399992
 -243.5  0
 -243.4  0
 -243.3  0.000399992
 -243.2  0.000199996
 -243.1  0
 -243  0.000399992
 -242.9  0
 -242.8  0.000199996
 -242.7  0.000199996
 -242.6  0.000199996
 -242.5  0
 -242.4  0.000799984
 -242.3  0
 -242.2  0.000199996
 -242.1  0
 -242  0.000399992
 -241.9  0
 -241.8  0.000199996
 -241.7  0.000199996
 -241.6  0
 -241.5  0
 -241.4  0.000199996
 -241.3  0.000199996
 -241.2  0.000399992
 -241.1  0
 -241  0.000399992
 -240.9  0.000199996
 -240.8  0
 -240.7  0.000399992
 -240.6  0.000199996
 -240.5  0.000199996
 -240.4  0.000199996
 -240.3  0.000399992
 -240.2  0
 -240.1  0.000199996
 -240  0.000199996
 -239.9  0.000199996
 -239.8  0.000199996
 -239.7  0.000199996
 -239.6  0
 -239.5  0
 -239.4  0.000199996
 -239.3  0
 -239.2  0.00099998
 -239.1  0
 -239  0.000199996
 -238.9  0.000399992
 -238.8  0
 -238.7  0.000399992
 -238.6  0.000799984
 -238.5  0
 -238.4  0.000199996
 -238.3  0.000199996
 -238.2  0
 -238.1  0.000199996
 -238  0.000199996
 -237.9  0.000199996
 -237.8  0.000399992
 -237.7  0.000199996
 -237.6  0.000199996
 -237.5  0.000599988
 -237.4  0.000199996
 -237.3  0
 -237.2  0
 -237.1  0.000199996
 -237  0.000399992
 -236.9  0.000399992
 -236.8  0.00099998
 -236.7  0.000199996
 -236.6  0
 -236.5  0
 -236.4  0
 -236.3  0
 -236.2  0
 -236.1  0.000599988
 -236  0.000199996
 -235.9  0
 -235.8  0.000199996
 -235.7  0.000399992
 -235.6  0.000199996
 -235.5  0.000399992
 -235.4  0.000199996
 -235.3  0.000399992
 -235.2  0.000199996
 -235.1  0
 -235  0.000199996
 -234.9  0.000599988
 -234.8  0
 -234.7  0.000399992
 -234.6  0
 -234.5  0
 -234.4  0.000199996
 -234.3  0.000199996
 -234.2  0
 -234.1  0
 -234  0
 -233.9  0.000199996
 -233.8  0
 -233.7  0
 -233.6  0.000399992
 -233.5  0.000199996
 -233.4  0.000199996
 -233.3  0.000399992
 -233.2  0.000199996
 -233.1  0
 -233  0.000399992
 -232.9  0
 -232.8  0.000199996
 -232.7  0
 -232.6  0.000599988
 -232.5  0.000399992
 -232.4  0
 -232.3  0
 -232.2  0
 -232.1  0
 -232  0.000599988
 -231.9  0.000199996
 -231.8  0.000399992
 -231.7  0.000199996
 -231.6  0
 -231.5  0
 -231.4  0.000199996
 -231.3  0.000199996
 -231.2  0.000399992
 -231.1  0.000399992
 -231  0.000199996
 -230.9  0.000199996
 -230.8  0.000399992
 -230.7  0.000399992
 -230.6  0.000399992
 -230.5  0.000599988
 -230.4  0.000199996
 -230.3  0.000199996
 -230.2  0.000199996
 -230.1  0
 -230  0.000199996
 -229.9  0
 -229.8  0
 -229.7  0.000599988
 -229.6  0
 -229.5  0
 -229.4  0.000399992
 -229.3  0.000399992
 -229.2  0.000399992
 -229.1  0.000399992
 -229  0
 -228.9  0
 -228.8  0
 -228.7  0
 -228.6  0.000199996
 -228.5  0.000399992
 -228.4  0.000399992
 -228.3  0.000399992
 -228.2  0
 -228.1  0.000199996
 -228  0
 -227.9  0
 -227.8  0.000199996
 -227.7  0
 -227.6  0.000199996
 -227.5  0
 -227.4  0
 -227.3  0.000199996
 -227.2  0
 -227.1  0.000399992
 -227  0.000399992
 -226.9  0
 -226.8  0.000199996
 -226.7  0
 -226.6  0
 -226.5  0.000399992
 -226.4  0.000199996
 -226.3  0.000799984
 -226.2  0.000599988
 -226.1  0.000199996
 -226  0.000199996
 -225.9  0.000399992
 -225.8  0
 -225.7  0
 -225.6  0
 -225.5  0.000399992
 -225.4  0
 -225.3  0.000399992
 -225.2  0.000199996
 -225.1  0
 -225  0
 -224.9  0
 -224.8  0.000199996
 -224.7  0.000399992
 -224.6  0.000199996
 -224.5  0
 -224.4  0
 -224.3  0.000199996
 -224.2  0.000199996
 -224.1  0.000399992
 -224  0.000199996
 -223.9  0.000199996
 -223.8  0
 -223.7  0.000199996
 -223.6  0.000199996
 -223.5  0.000199996
 -223.4  0
 -223.3  0
 -223.2  0
 -223.1  0
 -223  0.000199996
 -222.9  0
 -222.8  0.000199996
 -222.7  0.000599988
 -222.6  0
 -222.5  0
 -222.4  0
 -222.3  0.000199996
 -222.2  0.000399992
 -222.1  0.000399992
 -222  0.000399992
 -221.9  0
 -221.8  0.000199996
 -221.7  0
 -221.6  0.000199996
 -221.5  0
 -221.4  0.000399992
 -221.3  0.000199996
 -221.2  0.000399992
 -221.1  0
 -221  0
 -220.9  0.000399992
 -220.8  0.000199996
 -220.7  0
 -220.6  0.000199996
 -220.5  0.000199996
 -220.4  0.000199996
 -220.3  0
 -220.2  0.000199996
 -220.1  0
 -220  0
 -219.9  0.000199996
 -219.8  0.000399992
 -219.7  0.000399992
 -219.6  0.000199996
 -219.5  0
 -219.4  0.000199996
 -219.3  0.000399992
 -219.2  0.000599988
 -219.1  0
 -219  0.000199996
 -218.9  0.000199996
 -218.8  0.000199996
 -218.7  0.000199996
 -218.6  0
 -218.5  0.000199996
 -218.4  0.000199996
 -218.3  0.000399992
 -218.2  0.000599988
 -218.1  0.000199996
 -218  0
 -217.9  0.000399992
 -217.8  0.000399992
 -217.7  0.000199996
 -217.6  0.000199996
 -217.5  0.000199996
 -217.4  0.000199996
 -217.3  0.000399992
 -217.2  0
 -217.1  0.000399992
 -217  0.000199996
 -216.9  0.000399992
 -216.8  0.000599988
 -216.7  0.000399992
 -216.6  0
 -216.5  0
 -216.4  0
 -216.3  0
 -216.2  0
 -216.1  0
 -216  0
 -215.9  0.000199996
 -215.8  0.000199996
 -215.7  0.000199996
 -215.6  0
 -215.5  0.000399992
 -215.4  0
 -215.3  0.000199996
 -215.2  0
 -215.1  0.000199996
 -215  0.000599988
 -214.9  0.000399992
 -214.8  0.000199996
 -214.7  0
 -214.6  0
 -214.5  0.000199996
 -214.4  0.000199996
 -214.3  0
 -214.2  0
 -214.1  0
 -214  0.000599988
 -213.9  0
 -213.8  0
 -213.7  0
 -213.6  0
 -213.5  0.000199996
 -213.4  0.000199996
 -213.3  0.000199996
 -213.2  0
 -213.1  0
 -213  0
 -212.9  0.000199996
 -212.8  0.000799984
 -212.7  0.000399992
 -212.6  0.000199996
 -212.5  0.000199996
 -212.4  0.000199996
 -212.3  0.000199996
 -212.2  0.000199996
 -212.1  0.000199996
 -212  0.000399992
 -211.9  0.000199996
 -211.8  0.000399992
 -211.7  0.000199996
 -211.6  0
 -211.5  0
 -211.4  0
 -211.3  0.000199996
 -211.2  0
 -211.1  0
 -211  0.000199996
 -210.9  0.000399992
 -210.8  0.000199996
 -210.7  0.000199996
 -210.6  0
 -210.5  0.000399992
 -210.4  0
 -210.3  0.000199996
 -210.2  0.000199996
 -210.1  0.000199996
 -210  0
 -209.9  0
 -209.8  0.000399992
 -209.7  0.000599988
 -209.6  0.000199996
 -209.5  0.000199996
 -209.4  0.000399992
 -209.3  0
 -209.2  0.000399992
 -209.1  0.000199996
 -209  0
 -208.9  0
 -208.8  0.000399992
 -208.7  0.000199996
 -208.6  0.000199996
 -208.5  0
 -208.4  0
 -208.3  0
 -208.2  0.000399992
 -208.1  0
 -208  0.000399992
 -207.9  0
 -207.8  0.000199996
 -207.7  0.000199996
 -207.6  0
 -207.5  0.000199996
 -207.4  0.000199996
 -207.3  0
 -207.2  0
 -207.1  0.000199996
 -207  0.000199996
 -206.9  0.000199996
 -206.8  0.000199996
 -206.7  0
 -206.6  0
 -206.5  0
 -206.4  0.000599988
 -206.3  0.000199996
 -206.2  0.000199996
 -206.1  0.000199996
 -206  0.000199996
 -205.9  0.000199996
 -205.8  0.000399992
 -205.7  0.000199996
 -205.6  0
 -205.5  0
 -205.4  0.000199996
 -205.3  0
 -205.2  0.000199996
 -205.1  0
 -205  0.000199996
 -204.9  0.000199996
 -204.8  0.000199996
 -204.7  0.000399992
 -204.6  0.000199996
 -204.5  0.000199996
 -204.4  0
 -204.3  0.000199996
 -204.2  0
 -204.1  0.000399992
 -204  0
 -203.9  0.000199996
 -203.8  0.000399992
 -203.7  0.000399992
 -203.6  0.000399992
 -203.5  0.000199996
 -203.4  0.000199996
 -203.3  0.000199996
 -203.2  0.000199996
 -203.1  0
 -203  0
 -202.9  0.000399992
 -202.8  0.000199996
 -202.7  0
 -202.6  0.000599988
 -202.5  0.000799984
 -202.4  0.000199996
 -202.3  0
 -202.2  0.000199996
 -202.1  0.000399992
 -202  0
 -201.9  0
 -201.8  0.000199996
 -201.7  0.000199996
 -201.6  0
 -201.5  0.000199996
 -201.4  0
 -201.3  0
 -201.2  0.000599988
 -201.1  0
 -201  0
 -200.9  0
 -200.8  0.000199996
 -200.7  0.000199996
 -200.6  0
 -200.5  0.000199996
 -200.4  0.000199996
 -200.3  0.000599988
 -200.2  0
 -200.1  0.000199996
 -200  0.000199996
 -199.9  0
 -199.8  0
 -199.7  0
 -199.6  0
 -199.5  0
 -199.4  0.000199996
 -199.3  0
 -199.2  0
 -199.1  0
 -199  0.000399992
 -198.9  0
 -198.8  0
 -198.7  0.000199996
 -198.6  0.000199996
 -198.5  0.000599988
 -198.4  0
 -198.3  0
 -198.2  0.000199996
 -198.1  0
 -198  0.000199996
 -197.9  0.000199996
 -197.8  0.000199996
 -197.7  0
 -197.6  0
 -197.5  0.000199996
 -197.4  0.000199996
 -197.3  0.000199996
 -197.2  0.000199996
 -197.1  0.000199996
 -197  0.000399992
 -196.9  0
 -196.8  0
 -196.7  0.000199996
 -196.6  0
 -196.5  0.000399992
 -196.4  0
 -196.3  0.000199996
 -196.2  0.000399992
 -196.1  0.000199996
 -196  0.000199996
 -195.9  0
 -195.8  0.000199996
 -195.7  0
 -195.6  0.000199996
 -195.5  0
 -195.4  0.000199996
 -195.3  0.000199996
 -195.2  0
 -195.1  0.000199996
 -195  0.000199996
 -194.9  0
 -194.8  0.000599988
 -194.7  0
 -194.6  0.000199996
 -194.5  0
 -194.4  0.000199996
 -194.3  0
 -194.2  0
 -194.1  0.000199996
 -194  0.000199996
 -193.9  0
 -193.8  0.000199996
 -193.7  0.000199996
 -193.6  0.000199996
 -193.5  0
 -193.4  0
 -193.3  0.000399992
 -193.2  0.000399992
 -193.1  0.000199996
 -193  0
 -192.9  0.000599988
 -192.8  0
 -192.7  0.000399992
 -192.6  0
 -192.5  0.000399992
 -192.4  0.000399992
 -192.3  0
 -192.2  0.000399992
 -192.1  0.000599988
 -192  0
 -191.9  0
 -191.8  0.000199996
 -191.7  0.000399992
 -191.6  0.000199996
 -191.5  0.000199996
 -191.4  0.000399992
 -191.3  0.000399992
 -191.2  0
 -191.1  0
 -191  0.000199996
 -190.9  0
 -190.8  0.000199996
 -190.7  0.000199996
 -190.6  0.000199996
 -190.5  0.000199996
 -190.4  0.000199996
 -190.3  0
 -190.2  0
 -190.1  0
 -190  0
 -189.9  0.000199996
 -189.8  0.000199996
 -189.7  0.000399992
 -189.6  0
 -189.5  0.000199996
 -189.4  0.000199996
 -189.3  0.000199996
 -189.2  0.000199996
 -189.1  0
 -189  0
 -188.9  0.000399992
 -188.8  0
 -188.7  0
 -188.6  0.000199996
 -188.5  0.000199996
 -188.4  0
 -188.3  0.000399992
 -188.2  0.000199996
 -188.1  0.000199996
 -188  0
 -187.9  0
 -187.8  0
 -187.7  0.00099998
 -187.6  0.000199996
 -187.5  0
 -187.4  0.000399992
 -187.3  0.000399992
 -187.2  0
 -187.1  0.000199996
 -187  0.000199996
 -186.9  0.000399992
 -186.8  0.000199996
 -186.7  0.000199996
 -186.6  0.000199996
 -186.5  0
 -186.4  0
 -186.3  0.000199996
 -186.2  0
 -186.1  0
 -186  0.000199996
 -185.9  0.000199996
 -185.8  0.000199996
 -185.7  0.000199996
 -185.6  0
 -185.5  0
 -185.4  0.000199996
 -185.3  0.000199996
 -185.2  0
 -185.1  0
 -185  0.000199996
 -184.9  0
 -184.8  0.000599988
 -184.7  0
 -184.6  0.000199996
 -184.5  0.000199996
 -184.4  0
 -184.3  0
 -184.2  0.000599988
 -184.1  0
 -184  0
 -183.9  0.000399992
 -183.8  0
 -183.7  0.000199996
 -183.6  0.000399992
 -183.5  0.000199996
 -183.4  0
 -183.3  0
 -183.2  0
 -183.1  0
 -183  0.000199996
 -182.9  0.000199996
 -182.8  0.000199996
 -182.7  0
 -182.6  0
 -182.5  0.000199996
 -182.4  0.000199996
 -182.3  0.000199996
 -182.2  0
 -182.1  0.000199996
 -182  0
 -181.9  0
 -181.8  0
 -181.7  0
 -181.6  0
 -181.5  0
 -181.4  0.000399992
 -181.3  0
 -181.2  0.000199996
 -181.1  0
 -181  0
 -180.9  0
 -180.8  0
 -180.7  0
 -180.6  0
 -180.5  0.000199996
 -180.4  0
 -180.3  0
 -180.2  0.000199996
 -180.1  0
 -180  0.000199996
 -179.9  0.000199996
 -179.8  0.000199996
 -179.7  0
 -179.6  0.000199996
 -179.5  0
 -179.4  0
 -179.3  0
 -179.2  0
 -179.1  0
 -179  0.000199996
 -178.9  0.000199996
 -178.8  0
 -178.7  0.000399992
 -178.6  0.000199996
 -178.5  0.000199996
 -178.4  0
 -178.3  0
 -178.2  0.000199996
 -178.1  0.000399992
 -178  0.000199996
 -177.9  0
 -177.8  0
 -177.7  0
 -177.6  0
 -177.5  0.000199996
 -177.4  0
 -177.3  0
 -177.2  0
 -177.1  0.000399992
 -177  0.000199996
 -176.9  0
 -176.8  0
 -176.7  0.000199996
 -176.6  0
 -176.5  0.000399992
 -176.4  0.000199996
 -176.3  0
 -176.2  0
 -176.1  0
 -176  0.000199996
 -175.9  0.000199996
 -175.8  0
 -175.7  0
 -175.6  0
 -175.5  0.000199996
 -175.4  0
 -175.3  0
 -175.2  0.000199996
 -175.1  0
 -175  0
 -174.9  0
 -174.8  0
 -174.7  0
 -174.6  0.000199996
 -174.5  0.000199996
 -174.4  0.000199996
 -174.3  0.000199996
 -174.2  0
 -174.1  0
 -174  0.000199996
 -173.9  0
 -173.8  0
 -173.7  0.000199996
 -173.6  0
 -173.5  0
 -173.4  0.000399992
 -173.3  0
 -173.2  0.000199996
 -173.1  0.000399992
 -173  0
 -172.9  0
 -172.8  0
 -172.7  0
 -172.6  0
 -172.5  0.000399992
 -172.4  0
 -172.3  0
 -172.2  0
 -172.1  0
 -172  0
 -171.9  0.000199996
 -171.8  0
 -171.7  0.000399992
 -171.6  0
 -171.5  0
 -171.4  0
 -171.3  0
 -171.2  0
 -171.1  0.000399992
 -171  0
 -170.9  0
 -170.8  0
 -170.7  0
 -170.6  0
 -170.5  0.000199996
 -170.4  0.000199996
 -170.3  0
 -170.2  0
 -170.1  0
 -170  0
 -169.9  0.000199996
 -169.8  0.000399992
 -169.7  0
 -169.6  0
 -169.5  0.000399992
 -169.4  0
 -169.3  0
 -169.2  0
 -169.1  0
 -169  0
 -168.9  0.000199996
 -168.8  0.000199996
 -168.7  0.000199996
 -168.6  0.000199996
 -168.5  0.000399992
 -168.4  0
 -168.3  0
 -168.2  0.000199996
 -168.1  0
 -168  0
 -167.9  0
 -167.8  0.000599988
 -167.7  0
 -167.6  0
 -167.5  0.000199996
 -167.4  0
 -167.3  0
 -167.2  0.000199996
 -167.1  0
 -167  0
 -166.9  0.000199996
 -166.8  0
 -166.7  0.000199996
 -166.6  0.000199996
 -166.5  0.000399992
 -166.4  0.000199996
 -166.3  0
 -166.2  0
 -166.1  0.000199996
 -166  0.000199996
 -165.9  0
 -165.8  0
 -165.7  0
 -165.6  0
 -165.5  0
 -165.4  0
 -165.3  0
 -165.2  0
 -165.1  0
 -165  0
 -164.9  0
 -164.8  0
 -164.7  0
 -164.6  0
 -164.5  0
 -164.4  0.000199996
 -164.3  0
 -164.2  0
 -164.1  0
 -164  0
 -163.9  0
 -163.8  0.000199996
 -163.7  0.000199996
 -163.6  0
 -163.5  0
 -163.4  0
 -163.3  0.000199996
 -163.2  0
 -163.1  0.000199996
 -163  0.000199996
 -162.9  0
 -162.8  0
 -162.7  0
 -162.6  0.000199996
 -162.5  0
 -162.4  0.000199996
 -162.3  0.000199996
 -162.2  0.000199996
 -162.1  0
 -162  0
 -161.9  0
 -161.8  0.000199996
 -161.7  0.000199996
 -161.6  0
 -161.5  0
 -161.4  0
 -161.3  0.000199996
 -161.2  0
 -161.1  0.000199996
 -161  0
 -160.9  0
 -160.8  0.000199996
 -160.7  0
 -160.6  0
 -160.5  0
 -160.4  0
 -160.3  0
 -160.2  0
 -160.1  0.000199996
 -160  0
 -159.9  0.000199996
 -159.8  0
 -159.7  0
 -159.6  0.000199996
 -159.5  0
 -159.4  0.000199996
 -159.3  0
 -159.2  0
 -159.1  0.000199996
 -159  0.000199996
 -158.9  0
 -158.8  0
 -158.7  0
 -158.6  0.000199996
 -158.5  0
 -158.4  0.000199996
 -158.3  0
 -158.2  0
 -158.1  0.000199996
 -158  0
 -157.9  0
 -157.8  0.000199996
 -157.7  0
 -157.6  0
 -157.5  0
 -157.4  0
 -157.3  0
 -157.2  0
 -157.1  0
 -157  0
 -156.9  0.000199996
 -156.8  0.000199996
 -156.7  0.000199996
 -156.6  0.000199996
 -156.5  0.000199996
 -156.4  0
 -156.3  0
 -156.2  0
 -156.1  0
 -156  0
 -155.9  0.000199996
 -155.8  0
 -155.7  0
 -155.6  0
 -155.5  0
 -155.4  0
 -155.3  0
 -155.2  0.000399992
 -155.1  0
 -155  0
 -154.9  0
 -154.8  0
 -154.7  0.000199996
 -154.6  0
 -154.5  0
 -154.4  0
 -154.3  0.000199996
 -154.2  0
 -154.1  0
 -154  0
 -153.9  0
 -153.8  0
 -153.7  0
 -153.6  0
 -153.5  0
 -153.4  0
 -153.3  0
 -153.2  0.000199996
 -153.1  0
 -153  0.000199996
 -152.9  0.000199996
 -152.8  0.000199996
 -152.7  0
 -152.6  0
 -152.5  0
 -152.4  0
 -152.3  0
 -152.2  0
 -152.1  0
 -152  0
 -151.9  0
 -151.8  0.000199996
 -151.7  0
 -151.6  0
 -151.5  0
 -151.4  0
 -151.3  0
 -151.2  0
 -151.1  0
 -151  0
 -150.9  0
 -150.8  0
 -150.7  0
 -150.6  0
 -150.5  0
 -150.4  0
 -150.3  0
 -150.2  0
 -150.1  0
 -150  0.000199996
 -149.9  0
 -149.8  0.000199996
 -149.7  0
 -149.6  0
 -149.5  0
 -149.4  0
 -149.3  0
 -149.2  0
 -149.1  0
 -149  0
 -148.9  0.000199996
 -148.8  0
 -148.7  0
 -148.6  0
 -148.5  0
 -148.4  0.000199996
 -148.3  0
 -148.2  0
 -148.1  0
 -148  0
 -147.9  0
 -147.8  0
 -147.7  0
 -147.6  0
 -147.5  0
 -147.4  0
 -147.3  0.000199996
 -147.2  0
 -147.1  0
 -147  0
 -146.9  0
 -146.8  0
 -146.7  0.000199996
 -146.6  0
 -146.5  0
 -146.4  0
 -146.3  0
 -146.2  0
 -146.1  0.000199996
 -146  0
 -145.9  0
 -145.8  0
 -145.7  0.000199996
 -145.6  0
 -145.5  0
 -145.4  0
 -145.3  0
 -145.2  0
 -145.1  0.000199996
 -145  0
 -144.9  0
 -144.8  0
 -144.7  0
 -144.6  0.000199996
 -144.5  0
 -144.4  0.000199996
 -144.3  0.000199996
 -144.2  0
 -144.1  0
 -144  0.000199996
 -143.9  0
 -143.8  0
 -143.7  0
 -143.6  0
 -143.5  0
 -143.4  0
 -143.3  0
 -143.2  0
 -143.1  0
 -143  0.000199996
 -142.9  0
 -142.8  0
 -142.7  0
 -142.6  0
 -142.5  0
 -142.4  0
 -142.3  0
 -142.2  0
 -142.1  0
 -142  0.000199996
 -141.9  0
 -141.8  0
 -141.7  0.000199996
 -141.6  0
 -141.5  0
 -141.4  0
 -141.3  0
 -141.2  0
 -141.1  0.000199996
 -141  0
 -140.9  0
 -140.8  0
 -140.7  0
 -140.6  0
 -140.5  0
 -140.4  0.000199996
 -140.3  0
 -140.2  0
 -140.1  0
 -140  0
 -139.9  0
 -139.8  0
 -139.7  0
 -139.6  0
 -139.5  0
 -139.4  0
 -139.3  0.000199996
 -139.2  0
 -139.1  0
 -139  0.000199996
 -138.9  0
 -138.8  0
 -138.7  0
 -138.6  0
 -138.5  0
 -138.4  0
 -138.3  0
 -138.2  0
 -138.1  0
 -138  0
 -137.9  0
 -137.8  0
 -137.7  0
 -137.6  0
 -137.5  0
 -137.4  0
 -137.3  0
 -137.2  0
 -137.1  0
 -137  0.000199996
 -136.9  0
 -136.8  0
 -136.7  0
 -136.6  0
 -136.5  0
 -136.4  0
 -136.3  0
 -136.2  0.000199996
 -136.1  0
 -136  0
 -135.9  0.000399992
 -135.8  0
 -135.7  0
 -135.6  0
 -135.5  0
 -135.4  0
 -135.3  0
 -135.2  0
 -135.1  0
 -135  0
 -134.9  0
 -134.8  0.000199996
 -134.7  0
 -134.6  0
 -134.5  0
 -134.4  0
 -134.3  0
 -134.2  0
 -134.1  0
 -134  0
 -133.9  0
 -133.8  0
 -133.7  0
 -133.6  0
 -133.5  0
 -133.4  0.000199996
 -133.3  0
 -133.2  0
 -133.1  0
 -133  0
 -132.9  0
 -132.8  0
 -132.7  0.000199996
 -132.6  0
 -132.5  0
 -132.4  0
 -132.3  0
 -132.2  0
 -132.1  0
 -132  0
 -131.9  0
 -131.8  0
 -131.7  0
 -131.6  0
 -131.5  0
 -131.4  0
 -131.3  0
 -131.2  0
 -131.1  0
 -131  0
 -130.9  0
 -130.8  0
 -130.7  0
 -130.6  0
 -130.5  0
 -130.4  0
 -130.3  0
 -130.2  0
 -130.1  0
 -130  0
 -129.9  0
 -129.8  0
 -129.7  0
 -129.6  0
 -129.5  0
 -129.4  0
 -129.3  0
 -129.2  0
 -129.1  0
 -129  0
 -128.9  0
 -128.8  0
 -128.7  0
 -128.6  0
 -128.5  0
 -128.4  0
 -128.3  0
 -128.2  0.000199996
 -128.1  0
 -128  0
 -127.9  0
 -127.8  0
 -127.7  0
 -127.6  0
 -127.5  0
 -127.4  0
 -127.3  0
 -127.2  0
 -127.1  0.000199996
 -127  0
 -126.9  0
 -126.8  0
 -126.7  0
 -126.6  0
 -126.5  0
 -126.4  0
 -126.3  0
 -126.2  0
 -126.1  0
 -126  0.000199996
 -125.9  0
 -125.8  0
 -125.7  0
 -125.6  0
 -125.5  0
 -125.4  0
 -125.3  0
 -125.2  0
 -125.1  0
 -125  0
 -124.9  0
 -124.8  0
 -124.7  0
 -124.6  0
 -124.5  0
 -124.4  0
 -124.3  0
 -124.2  0
 -124.1  0
 -124  0
 -123.9  0
 -123.8  0
 -123.7  0
 -123.6  0
 -123.5  0
 -123.4  0
 -123.3  0
 -123.2  0
 -123.1  0
 -123  0
 -122.9  0
 -122.8  0
 -122.7  0
 -122.6  0
 -122.5  0
 -122.4  0
 -122.3  0
 -122.2  0
 -122.1  0
 -122  0
 -121.9  0
 -121.8  0
 -121.7  0
 -121.6  0
 -121.5  0
 -121.4  0
 -121.3  0
 -121.2  0
 -121.1  0
 -121  0
 -120.9  0
 -120.8  0
 -120.7  0
 -120.6  0
 -120.5  0
 -120.4  0
 -120.3  0
 -120.2  0
 -120.1  0
 -120  0
 -119.9  0
 -119.8  0
 -119.7  0
 -119.6  0
 -119.5  0
 -119.4  0
 -119.3  0
 -119.2  0
 -119.1  0.000199996
 -119  0
 -118.9  0
 -118.8  0
 -118.7  0.000199996
 -118.6  0
 -118.5  0
 -118.4  0
 -118.3  0
 -118.2  0
 -118.1  0
 -118  0
 -117.9  0
 -117.8  0
 -117.7  0
 -117.6  0
 -117.5  0
 -117.4  0.000199996
 -117.3  0
 -117.2  0
 -117.1  0
 -117  0.000199996
 -116.9  0
 -116.8  0
 -116.7  0
 -116.6  0
 -116.5  0
 -116.4  0
 -116.3  0
 -116.2  0
 -116.1  0
 -116  0
 -115.9  0
 -115.8  0
 -115.7  0
 -115.6  0
 -115.5  0
 -115.4  0
 -115.3  0.000199996
 -115.2  0
 -115.1  0
 -115  0
 -114.9  0
 -114.8  0
 -114.7  0
 -114.6  0
 -114.5  0
 -114.4  0
 -114.3  0
 -114.2  0
 -114.1  0
 -114  0
 -113.9  0
 -113.8  0
 -113.7  0
 -113.6  0
 -113.5  0
 -113.4  0
 -113.3  0
 -113.2  0
 -113.1  0
 -113  0
 -112.9  0
 -112.8  0
 -112.7  0
 -112.6  0
 -112.5  0
 -112.4  0
 -112.3  0
 -112.2  0
 -112.1  0
 -112  0
 -111.9  0.000199996
 -111.8  0
 -111.7  0
 -111.6  0
 -111.5  0
 -111.4  0
 -111.3  0
 -111.2  0
 -111.1  0
 -111  0
 -110.9  0
 -110.8  0
 -110.7  0
 -110.6  0
 -110.5  0
 -110.4  0
 -110.3  0
 -110.2  0
 -110.1  0
 -110  0
 -109.9  0
 -109.8  0
 -109.7  0
 -109.6  0
 -109.5  0.000199996
 -109.4  0
 -109.3  0
 -109.2  0
 -109.1  0
 -109  0
 -108.9  0
 -108.8  0
 -108.7  0
 -108.6  0
 -108.5  0
 -108.4  0
 -108.3  0
 -108.2  0
 -108.1  0
 -108  0
 -107.9  0
 -107.8  0
 -107.7  0
 -107.6  0
 -107.5  0
 -107.4  0
 -107.3  0
 -107.2  0
 -107.1  0
 -107  0
 -106.9  0
 -106.8  0
 -106.7  0
 -106.6  0
 -106.5  0
 -106.4  0
 -106.3  0
 -106.2  0
 -106.1  0
 -106  0
 -105.9  0
 -105.8  0
 -105.7  0
 -105.6  0.000199996
 -105.5  0
 -105.4  0
 -105.3  0
 -105.2  0
 -105.1  0
 -105  0
 -104.9  0
 -104.8  0
 -104.7  0
 -104.6  0
 -104.5  0
 -104.4  0
 -104.3  0
 -104.2  0.000199996
 -104.1  0
 -104  0
 -103.9  0
 -103.8  0.000199996
 -103.7  0
 -103.6  0.000199996
 -103.5  0
 -103.4  0
 -103.3  0
 -103.2  0
 -103.1  0
 -103  0
 -102.9  0
 -102.8  0
 -102.7  0
 -102.6  0
 -102.5  0
 -102.4  0
 -102.3  0
 -102.2  0
 -102.1  0
 -102  0
 -101.9  0
 -101.8  0
 -101.7  0
 -101.6  0
 -101.5  0
 -101.4  0
 -101.3  0
 -101.2  0
 -101.1  0
 -101  0
 -100.9  0
 -100.8  0
 -100.7  0
 -100.6  0
 -100.5  0.000199996
 -100.4  0
 -100.3  0
 -100.2  0
 -100.1  0
 -100  0
 -99.9  0
 -99.8  0
 -99.7  0
 -99.6  0
 -99.5  0
 -99.4  0
 -99.3  0
 -99.2  0
 -99.1  0
 -99  0
 -98.9  0
 -98.8  0
 -98.7  0
 -98.6  0
 -98.5  0
 -98.4  0
 -98.3  0
 -98.2  0
 -98.1  0
 -98  0
 -97.9  0
 -97.8  0
 -97.7  0
 -97.6  0
 -97.5  0
 -97.4  0
 -97.3  0
 -97.2  0
 -97.1  0
 -97  0
 -96.9  0
 -96.8  0
 -96.7  0
 -96.6  0
 -96.5  0
 -96.4  0
 -96.3  0
 -96.2  0
 -96.1  0
 -96  0
 -95.9  0
 -95.8  0
 -95.7  0
 -95.6  0
 -95.5  0
 -95.4  0
 -95.3  0
 -95.2  0
 -95.1  0
 -95  0
 -94.9  0
 -94.8  0
 -94.7  0
 -94.6  0
 -94.5  0
 -94.4  0
 -94.3  0
 -94.2  0
 -94.1  0
 -94  0
 -93.9  0
 -93.8  0
 -93.7  0
 -93.6  0
 -93.5  0
 -93.4  0
 -93.3  0
 -93.2  0
 -93.1  0
 -93  0
 -92.9  0
 -92.8  0
 -92.7  0.000199996
 -92.6  0
 -92.5  0.000199996
 -92.4  0
 -92.3  0
 -92.2  0
 -92.1  0
 -92  0
 -91.9  0
 -91.8  0
 -91.7  0
 -91.6  0
 -91.5  0
 -91.4  0
 -91.3  0
 -91.2  0
 -91.1  0
 -91  0
 -90.9  0
 -90.8  0
 -90.7  0
 -90.6  0
 -90.5  0
 -90.4  0
 -90.3  0
 -90.2  0.000199996
 -90.1  0
 -90  0
 -89.9  0
 -89.8  0
 -89.7  0
 -89.6  0
 -89.5  0
 -89.4  0
 -89.3  0
 -89.2  0
 -89.1  0
 -89  0
 -88.9  0
 -88.8  0
 -88.7  0
 -88.6  0
 -88.5  0
 -88.4  0
 -88.3  0
 -88.2  0
 -88.1  0
 -88  0
 -87.9  0
 -87.8  0
 -87.7  0
 -87.6  0
 -87.5  0
 -87.4  0
 -87.3  0
 -87.2  0
 -87.1  0
 -87  0
 -86.9  0
 -86.8  0
 -86.7  0
 -86.6  0
 -86.5  0
 -86.4  0
 -86.3  0
 -86.2  0
 -86.1  0
 -86  0
 -85.9  0
 -85.8  0
 -85.7  0
 -85.6  0
 -85.5  0
 -85.4  0
 -85.3  0
 -85.2  0
 -85.1  0
 -85  0
 -84.9  0
 -84.8  0
 -84.7  0
 -84.6  0
 -84.5  0
 -84.4  0
 -84.3  0
 -84.2  0
 -84.1  0
 -84  0.000199996
 -83.9  0
 -83.8  0
 -83.7  0
 -83.6  0
 -83.5  0
 -83.4  0
 -83.3  0
 -83.2  0
 -83.1  0
 -83  0
 -82.9  0
 -82.8  0
 -82.7  0
 -82.6  0.000199996
 -82.5  0
 -82.4  0
