 -778.6  0
 -778.5  0.000199996
 -778.4  0
 -778.3  0
 -778.2  0
 -778.1  0
 -778  0
 -777.9  0
 -777.8  0
 -777.7  0
 -777.6  0
 -777.5  0
 -777.4  0
 -777.3  0
 -777.2  0
 -777.1  0
 -777  0
 -776.9  0
 -776.8  0
 -776.7  0
 -776.6  0
 -776.5  0
 -776.4  0
 -776.3  0
 -776.2  0
 -776.1  0
 -776  0
 -775.9  0
 -775.8  0
 -775.7  0
 -775.6  0
 -775.5  0
 -775.4  0
 -775.3  0
 -775.2  0
 -775.1  0
 -775  0
 -774.9  0
 -774.8  0
 -774.7  0
 -774.6  0
 -774.5  0
 -774.4  0
 -774.3  0
 -774.2  0
 -774.1  0
 -774  0
 -773.9  0
 -773.8  0
 -773.7  0
 -773.6  0
 -773.5  0
 -773.4  0
 -773.3  0
 -773.2  0
 -773.1  0
 -773  0
 -772.9  0
 -772.8  0
 -772.7  0
 -772.6  0
 -772.5  0
 -772.4  0
 -772.3  0
 -772.2  0
 -772.1  0
 -772  0
 -771.9  0
 -771.8  0
 -771.7  0
 -771.6  0
 -771.5  0
 -771.4  0
 -771.3  0
 -771.2  0
 -771.1  0
 -771  0
 -770.9  0
 -770.8  0
 -770.7  0
 -770.6  0
 -770.5  0
 -770.4  0
 -770.3  0
 -770.2  0
 -770.1  0
 -770  0
 -769.9  0
 -769.8  0
 -769.7  0
 -769.6  0
 -769.5  0
 -769.4  0
 -769.3  0
 -769.2  0
 -769.1  0
 -769  0
 -768.9  0
 -768.8  0
 -768.7  0
 -768.6  0
 -768.5  0
 -768.4  0
 -768.3  0
 -768.2  0
 -768.1  0
 -768  0
 -767.9  0
 -767.8  0
 -767.7  0
 -767.6  0
 -767.5  0
 -767.4  0
 -767.3  0
 -767.2  0
 -767.1  0
 -767  0
 -766.9  0
 -766.8  0
 -766.7  0
 -766.6  0
 -766.5  0
 -766.4  0
 -766.3  0
 -766.2  0
 -766.1  0
 -766  0
 -765.9  0
 -765.8  0
 -765.7  0
 -765.6  0
 -765.5  0
 -765.4  0
 -765.3  0
 -765.2  0
 -765.1  0
 -765  0
 -764.9  0
 -764.8  0
 -764.7  0
 -764.6  0
 -764.5  0
 -764.4  0
 -764.3  0
 -764.2  0
 -764.1  0
 -764  0
 -763.9  0
 -763.8  0
 -763.7  0
 -763.6  0
 -763.5  0
 -763.4  0
 -763.3  0
 -763.2  0
 -763.1  0
 -763  0
 -762.9  0
 -762.8  0
 -762.7  0
 -762.6  0
 -762.5  0
 -762.4  0
 -762.3  0
 -762.2  0
 -762.1  0
 -762  0
 -761.9  0
 -761.8  0
 -761.7  0
 -761.6  0
 -761.5  0
 -761.4  0
 -761.3  0
 -761.2  0
 -761.1  0
 -761  0
 -760.9  0
 -760.8  0
 -760.7  0
 -760.6  0
 -760.5  0
 -760.4  0
 -760.3  0
 -760.2  0
 -760.1  0
 -760  0
 -759.9  0
 -759.8  0
 -759.7  0
 -759.6  0
 -759.5  0
 -759.4  0
 -759.3  0
 -759.2  0
 -759.1  0
 -759  0
 -758.9  0
 -758.8  0
 -758.7  0
 -758.6  0
 -758.5  0
 -758.4  0
 -758.3  0
 -758.2  0
 -758.1  0
 -758  0
 -757.9  0
 -757.8  0
 -757.7  0
 -757.6  0
 -757.5  0
 -757.4  0
 -757.3  0
 -757.2  0
 -757.1  0
 -757  0
 -756.9  0
 -756.8  0
 -756.7  0
 -756.6  0
 -756.5  0
 -756.4  0
 -756.3  0
 -756.2  0
 -756.1  0
 -756  0
 -755.9  0
 -755.8  0
 -755.7  0
 -755.6  0
 -755.5  0
 -755.4  0
 -755.3  0
 -755.2  0
 -755.1  0
 -755  0
 -754.9  0
 -754.8  0
 -754.7  0
 -754.6  0
 -754.5  0
 -754.4  0
 -754.3  0
 -754.2  0
 -754.1  0
 -754  0
 -753.9  0
 -753.8  0
 -753.7  0
 -753.6  0
 -753.5  0
 -753.4  0
 -753.3  0
 -753.2  0
 -753.1  0
 -753  0
 -752.9  0
 -752.8  0
 -752.7  0
 -752.6  0
 -752.5  0
 -752.4  0
 -752.3  0
 -752.2  0
 -752.1  0
 -752  0
 -751.9  0
 -751.8  0
 -751.7  0
 -751.6  0
 -751.5  0
 -751.4  0
 -751.3  0
 -751.2  0.000199996
 -751.1  0
 -751  0
 -750.9  0
 -750.8  0
 -750.7  0
 -750.6  0
 -750.5  0
 -750.4  0
 -750.3  0
 -750.2  0
 -750.1  0
 -750  0
 -749.9  0
 -749.8  0
 -749.7  0
 -749.6  0
 -749.5  0
 -749.4  0
 -749.3  0
 -749.2  0
 -749.1  0
 -749  0
 -748.9  0
 -748.8  0
 -748.7  0
 -748.6  0
 -748.5  0
 -748.4  0
 -748.3  0
 -748.2  0
 -748.1  0
 -748  0
 -747.9  0
 -747.8  0
 -747.7  0
 -747.6  0
 -747.5  0
 -747.4  0
 -747.3  0
 -747.2  0
 -747.1  0
 -747  0
 -746.9  0
 -746.8  0
 -746.7  0
 -746.6  0
 -746.5  0
 -746.4  0
 -746.3  0
 -746.2  0
 -746.1  0
 -746  0
 -745.9  0
 -745.8  0
 -745.7  0
 -745.6  0
 -745.5  0
 -745.4  0
 -745.3  0
 -745.2  0
 -745.1  0
 -745  0
 -744.9  0
 -744.8  0
 -744.7  0
 -744.6  0
 -744.5  0
 -744.4  0
 -744.3  0
 -744.2  0
 -744.1  0
 -744  0
 -743.9  0
 -743.8  0
 -743.7  0
 -743.6  0
 -743.5  0
 -743.4  0
 -743.3  0
 -743.2  0
 -743.1  0
 -743  0
 -742.9  0
 -742.8  0
 -742.7  0
 -742.6  0
 -742.5  0
 -742.4  0
 -742.3  0
 -742.2  0
 -742.1  0
 -742  0
 -741.9  0
 -741.8  0
 -741.7  0
 -741.6  0
 -741.5  0
 -741.4  0
 -741.3  0
 -741.2  0
 -741.1  0
 -741  0
 -740.9  0
 -740.8  0
 -740.7  0
 -740.6  0
 -740.5  0
 -740.4  0
 -740.3  0
 -740.2  0
 -740.1  0
 -740  0
 -739.9  0
 -739.8  0
 -739.7  0
 -739.6  0
 -739.5  0
 -739.4  0
 -739.3  0
 -739.2  0
 -739.1  0
 -739  0
 -738.9  0
 -738.8  0
 -738.7  0
 -738.6  0
 -738.5  0
 -738.4  0
 -738.3  0
 -738.2  0
 -738.1  0
 -738  0
 -737.9  0
 -737.8  0
 -737.7  0
 -737.6  0
 -737.5  0
 -737.4  0
 -737.3  0
 -737.2  0
 -737.1  0
 -737  0
 -736.9  0
 -736.8  0
 -736.7  0
 -736.6  0
 -736.5  0
 -736.4  0
 -736.3  0
 -736.2  0
 -736.1  0
 -736  0
 -735.9  0
 -735.8  0
 -735.7  0
 -735.6  0
 -735.5  0
 -735.4  0
 -735.3  0
 -735.2  0
 -735.1  0
 -735  0
 -734.9  0
 -734.8  0
 -734.7  0
 -734.6  0
 -734.5  0
 -734.4  0
 -734.3  0
 -734.2  0
 -734.1  0
 -734  0
 -733.9  0
 -733.8  0
 -733.7  0
 -733.6  0
 -733.5  0
 -733.4  0
 -733.3  0
 -733.2  0
 -733.1  0.000199996
 -733  0
 -732.9  0
 -732.8  0
 -732.7  0
 -732.6  0
 -732.5  0
 -732.4  0
 -732.3  0
 -732.2  0
 -732.1  0
 -732  0
 -731.9  0
 -731.8  0
 -731.7  0
 -731.6  0
 -731.5  0
 -731.4  0
 -731.3  0
 -731.2  0
 -731.1  0
 -731  0
 -730.9  0
 -730.8  0
 -730.7  0
 -730.6  0
 -730.5  0
 -730.4  0
 -730.3  0
 -730.2  0
 -730.1  0
 -730  0
 -729.9  0
 -729.8  0
 -729.7  0
 -729.6  0
 -729.5  0
 -729.4  0
 -729.3  0
 -729.2  0
 -729.1  0
 -729  0
 -728.9  0
 -728.8  0
 -728.7  0
 -728.6  0
 -728.5  0
 -728.4  0
 -728.3  0
 -728.2  0
 -728.1  0
 -728  0
 -727.9  0
 -727.8  0
 -727.7  0
 -727.6  0
 -727.5  0
 -727.4  0
 -727.3  0
 -727.2  0
 -727.1  0
 -727  0
 -726.9  0
 -726.8  0
 -726.7  0
 -726.6  0
 -726.5  0
 -726.4  0
 -726.3  0
 -726.2  0
 -726.1  0
 -726  0
 -725.9  0
 -725.8  0
 -725.7  0
 -725.6  0
 -725.5  0
 -725.4  0
 -725.3  0
 -725.2  0
 -725.1  0
 -725  0
 -724.9  0
 -724.8  0
 -724.7  0
 -724.6  0
 -724.5  0
 -724.4  0
 -724.3  0
 -724.2  0
 -724.1  0
 -724  0
 -723.9  0
 -723.8  0
 -723.7  0
 -723.6  0
 -723.5  0
 -723.4  0
 -723.3  0
 -723.2  0
 -723.1  0
 -723  0
 -722.9  0
 -722.8  0
 -722.7  0
 -722.6  0
 -722.5  0
 -722.4  0
 -722.3  0
 -722.2  0
 -722.1  0
 -722  0
 -721.9  0
 -721.8  0
 -721.7  0
 -721.6  0
 -721.5  0
 -721.4  0
 -721.3  0
 -721.2  0
 -721.1  0
 -721  0
 -720.9  0
 -720.8  0
 -720.7  0
 -720.6  0
 -720.5  0
 -720.4  0
 -720.3  0
 -720.2  0
 -720.1  0
 -720  0
 -719.9  0
 -719.8  0
 -719.7  0
 -719.6  0
 -719.5  0
 -719.4  0
 -719.3  0
 -719.2  0
 -719.1  0
 -719  0
 -718.9  0
 -718.8  0
 -718.7  0
 -718.6  0
 -718.5  0
 -718.4  0
 -718.3  0
 -718.2  0
 -718.1  0
 -718  0
 -717.9  0
 -717.8  0
 -717.7  0
 -717.6  0
 -717.5  0
 -717.4  0
 -717.3  0
 -717.2  0
 -717.1  0
 -717  0
 -716.9  0
 -716.8  0
 -716.7  0
 -716.6  0
 -716.5  0
 -716.4  0
 -716.3  0
 -716.2  0
 -716.1  0
 -716  0
 -715.9  0
 -715.8  0
 -715.7  0
 -715.6  0
 -715.5  0
 -715.4  0
 -715.3  0
 -715.2  0
 -715.1  0
 -715  0
 -714.9  0
 -714.8  0
 -714.7  0
 -714.6  0
 -714.5  0
 -714.4  0
 -714.3  0
 -714.2  0
 -714.1  0
 -714  0
 -713.9  0
 -713.8  0
 -713.7  0
 -713.6  0
 -713.5  0
 -713.4  0
 -713.3  0
 -713.2  0
 -713.1  0
 -713  0
 -712.9  0
 -712.8  0
 -712.7  0
 -712.6  0
 -712.5  0
 -712.4  0
 -712.3  0
 -712.2  0
 -712.1  0
 -712  0
 -711.9  0
 -711.8  0
 -711.7  0
 -711.6  0
 -711.5  0
 -711.4  0
 -711.3  0
 -711.2  0
 -711.1  0
 -711  0
 -710.9  0
 -710.8  0.000199996
 -710.7  0
 -710.6  0
 -710.5  0
 -710.4  0
 -710.3  0
 -710.2  0
 -710.1  0
 -710  0
 -709.9  0
 -709.8  0
 -709.7  0
 -709.6  0
 -709.5  0
 -709.4  0
 -709.3  0
 -709.2  0
 -709.1  0
 -709  0
 -708.9  0
 -708.8  0
 -708.7  0
 -708.6  0
 -708.5  0
 -708.4  0
 -708.3  0
 -708.2  0
 -708.1  0
 -708  0
 -707.9  0
 -707.8  0
 -707.7  0
 -707.6  0
 -707.5  0
 -707.4  0
 -707.3  0
 -707.2  0
 -707.1  0
 -707  0
 -706.9  0
 -706.8  0
 -706.7  0
 -706.6  0
 -706.5  0
 -706.4  0
 -706.3  0
 -706.2  0
 -706.1  0
 -706  0
 -705.9  0
 -705.8  0
 -705.7  0
 -705.6  0
 -705.5  0
 -705.4  0
 -705.3  0
 -705.2  0
 -705.1  0
 -705  0
 -704.9  0
 -704.8  0
 -704.7  0
 -704.6  0
 -704.5  0
 -704.4  0
 -704.3  0
 -704.2  0
 -704.1  0
 -704  0
 -703.9  0
 -703.8  0.000199996
 -703.7  0
 -703.6  0
 -703.5  0
 -703.4  0
 -703.3  0
 -703.2  0
 -703.1  0
 -703  0
 -702.9  0
 -702.8  0
 -702.7  0
 -702.6  0
 -702.5  0
 -702.4  0
 -702.3  0
 -702.2  0
 -702.1  0
 -702  0
 -701.9  0
 -701.8  0
 -701.7  0
 -701.6  0
 -701.5  0
 -701.4  0
 -701.3  0
 -701.2  0
 -701.1  0
 -701  0
 -700.9  0
 -700.8  0
 -700.7  0
 -700.6  0
 -700.5  0
 -700.4  0
 -700.3  0
 -700.2  0
 -700.1  0
 -700  0
 -699.9  0
 -699.8  0
 -699.7  0
 -699.6  0
 -699.5  0
 -699.4  0
 -699.3  0
 -699.2  0
 -699.1  0
 -699  0
 -698.9  0
 -698.8  0
 -698.7  0
 -698.6  0
 -698.5  0
 -698.4  0
 -698.3  0
 -698.2  0
 -698.1  0
 -698  0
 -697.9  0
 -697.8  0
 -697.7  0
 -697.6  0
 -697.5  0
 -697.4  0
 -697.3  0
 -697.2  0
 -697.1  0
 -697  0
 -696.9  0
 -696.8  0
 -696.7  0
 -696.6  0
 -696.5  0
 -696.4  0
 -696.3  0
 -696.2  0
 -696.1  0
 -696  0
 -695.9  0
 -695.8  0
 -695.7  0
 -695.6  0
 -695.5  0
 -695.4  0
 -695.3  0
 -695.2  0
 -695.1  0
 -695  0
 -694.9  0
 -694.8  0
 -694.7  0
 -694.6  0
 -694.5  0
 -694.4  0
 -694.3  0
 -694.2  0
 -694.1  0
 -694  0
 -693.9  0
 -693.8  0
 -693.7  0
 -693.6  0
 -693.5  0
 -693.4  0
 -693.3  0
 -693.2  0
 -693.1  0
 -693  0
 -692.9  0
 -692.8  0
 -692.7  0
 -692.6  0
 -692.5  0
 -692.4  0
 -692.3  0
 -692.2  0
 -692.1  0
 -692  0
 -691.9  0
 -691.8  0
 -691.7  0
 -691.6  0
 -691.5  0
 -691.4  0
 -691.3  0
 -691.2  0
 -691.1  0
 -691  0
 -690.9  0
 -690.8  0
 -690.7  0
 -690.6  0
 -690.5  0
 -690.4  0
 -690.3  0
 -690.2  0
 -690.1  0
 -690  0
 -689.9  0
 -689.8  0
 -689.7  0
 -689.6  0
 -689.5  0
 -689.4  0
 -689.3  0
 -689.2  0
 -689.1  0
 -689  0
 -688.9  0
 -688.8  0
 -688.7  0
 -688.6  0
 -688.5  0
 -688.4  0
 -688.3  0
 -688.2  0
 -688.1  0
 -688  0
 -687.9  0
 -687.8  0
 -687.7  0
 -687.6  0
 -687.5  0
 -687.4  0
 -687.3  0
 -687.2  0
 -687.1  0
 -687  0
 -686.9  0
 -686.8  0
 -686.7  0
 -686.6  0
 -686.5  0
 -686.4  0
 -686.3  0
 -686.2  0
 -686.1  0
 -686  0
 -685.9  0
 -685.8  0
 -685.7  0
 -685.6  0
 -685.5  0
 -685.4  0
 -685.3  0
 -685.2  0
 -685.1  0
 -685  0
 -684.9  0
 -684.8  0
 -684.7  0
 -684.6  0
 -684.5  0
 -684.4  0
 -684.3  0
 -684.2  0
 -684.1  0
 -684  0
 -683.9  0
 -683.8  0
 -683.7  0
 -683.6  0
 -683.5  0
 -683.4  0
 -683.3  0
 -683.2  0
 -683.1  0
 -683  0
 -682.9  0
 -682.8  0
 -682.7  0
 -682.6  0
 -682.5  0
 -682.4  0
 -682.3  0
 -682.2  0
 -682.1  0
 -682  0
 -681.9  0
 -681.8  0
 -681.7  0
 -681.6  0
 -681.5  0
 -681.4  0
 -681.3  0
 -681.2  0
 -681.1  0
 -681  0
 -680.9  0
 -680.8  0
 -680.7  0
 -680.6  0
 -680.5  0
 -680.4  0
 -680.3  0
 -680.2  0
 -680.1  0
 -680  0
 -679.9  0
 -679.8  0
 -679.7  0
 -679.6  0.000199996
 -679.5  0
 -679.4  0
 -679.3  0
 -679.2  0
 -679.1  0
 -679  0
 -678.9  0
 -678.8  0
 -678.7  0
 -678.6  0
 -678.5  0
 -678.4  0
 -678.3  0
 -678.2  0
 -678.1  0
 -678  0
 -677.9  0
 -677.8  0
 -677.7  0
 -677.6  0
 -677.5  0
 -677.4  0
 -677.3  0
 -677.2  0
 -677.1  0
 -677  0
 -676.9  0
 -676.8  0
 -676.7  0
 -676.6  0
 -676.5  0
 -676.4  0
 -676.3  0
 -676.2  0
 -676.1  0
 -676  0
 -675.9  0
 -675.8  0
 -675.7  0
 -675.6  0
 -675.5  0
 -675.4  0
 -675.3  0
 -675.2  0
 -675.1  0
 -675  0
 -674.9  0
 -674.8  0
 -674.7  0
 -674.6  0
 -674.5  0
 -674.4  0
 -674.3  0
 -674.2  0
 -674.1  0
 -674  0
 -673.9  0
 -673.8  0
 -673.7  0
 -673.6  0
 -673.5  0
 -673.4  0
 -673.3  0
 -673.2  0
 -673.1  0
 -673  0
 -672.9  0
 -672.8  0
 -672.7  0
 -672.6  0
 -672.5  0
 -672.4  0
 -672.3  0
 -672.2  0
 -672.1  0
 -672  0
 -671.9  0
 -671.8  0
 -671.7  0
 -671.6  0
 -671.5  0
 -671.4  0
 -671.3  0
 -671.2  0
 -671.1  0
 -671  0
 -670.9  0
 -670.8  0
 -670.7  0
 -670.6  0
 -670.5  0
 -670.4  0
 -670.3  0
 -670.2  0
 -670.1  0
 -670  0
 -669.9  0
 -669.8  0
 -669.7  0
 -669.6  0
 -669.5  0
 -669.4  0
 -669.3  0
 -669.2  0
 -669.1  0
 -669  0
 -668.9  0
 -668.8  0
 -668.7  0
 -668.6  0
 -668.5  0
 -668.4  0
 -668.3  0
 -668.2  0
 -668.1  0
 -668  0
 -667.9  0
 -667.8  0
 -667.7  0
 -667.6  0
 -667.5  0
 -667.4  0
 -667.3  0
 -667.2  0
 -667.1  0
 -667  0
 -666.9  0
 -666.8  0
 -666.7  0
 -666.6  0
 -666.5  0
 -666.4  0
 -666.3  0
 -666.2  0
 -666.1  0
 -666  0
 -665.9  0
 -665.8  0
 -665.7  0
 -665.6  0
 -665.5  0
 -665.4  0
 -665.3  0
 -665.2  0
 -665.1  0
 -665  0
 -664.9  0
 -664.8  0
 -664.7  0
 -664.6  0
 -664.5  0
 -664.4  0
 -664.3  0
 -664.2  0
 -664.1  0
 -664  0
 -663.9  0
 -663.8  0
 -663.7  0
 -663.6  0
 -663.5  0
 -663.4  0
 -663.3  0
 -663.2  0
 -663.1  0
 -663  0
 -662.9  0
 -662.8  0
 -662.7  0
 -662.6  0
 -662.5  0
 -662.4  0
 -662.3  0
 -662.2  0
 -662.1  0
 -662  0
 -661.9  0
 -661.8  0
 -661.7  0
 -661.6  0
 -661.5  0
 -661.4  0
 -661.3  0
 -661.2  0
 -661.1  0
 -661  0
 -660.9  0
 -660.8  0
 -660.7  0
 -660.6  0
 -660.5  0
 -660.4  0
 -660.3  0
 -660.2  0
 -660.1  0
 -660  0
 -659.9  0
 -659.8  0
 -659.7  0
 -659.6  0
 -659.5  0
 -659.4  0
 -659.3  0
 -659.2  0
 -659.1  0
 -659  0
 -658.9  0
 -658.8  0
 -658.7  0
 -658.6  0.000199996
 -658.5  0
 -658.4  0
 -658.3  0
 -658.2  0
 -658.1  0
 -658  0
 -657.9  0
 -657.8  0
 -657.7  0
 -657.6  0
 -657.5  0
 -657.4  0
 -657.3  0
 -657.2  0
 -657.1  0
 -657  0
 -656.9  0
 -656.8  0
 -656.7  0
 -656.6  0
 -656.5  0
 -656.4  0
 -656.3  0
 -656.2  0
 -656.1  0
 -656  0
 -655.9  0.000199996
 -655.8  0
 -655.7  0
 -655.6  0
 -655.5  0
 -655.4  0
 -655.3  0
 -655.2  0
 -655.1  0
 -655  0
 -654.9  0
 -654.8  0
 -654.7  0
 -654.6  0
 -654.5  0
 -654.4  0
 -654.3  0
 -654.2  0
 -654.1  0
 -654  0
 -653.9  0
 -653.8  0
 -653.7  0
 -653.6  0
 -653.5  0
 -653.4  0
 -653.3  0
 -653.2  0
 -653.1  0
 -653  0
 -652.9  0
 -652.8  0
 -652.7  0
 -652.6  0
 -652.5  0
 -652.4  0
 -652.3  0
 -652.2  0
 -652.1  0
 -652  0
 -651.9  0
 -651.8  0
 -651.7  0
 -651.6  0
 -651.5  0
 -651.4  0
 -651.3  0
 -651.2  0
 -651.1  0
 -651  0
 -650.9  0
 -650.8  0
 -650.7  0
 -650.6  0
 -650.5  0
 -650.4  0
 -650.3  0
 -650.2  0
 -650.1  0
 -650  0
 -649.9  0
 -649.8  0
 -649.7  0
 -649.6  0
 -649.5  0
 -649.4  0
 -649.3  0
 -649.2  0
 -649.1  0
 -649  0
 -648.9  0
 -648.8  0
 -648.7  0
 -648.6  0
 -648.5  0
 -648.4  0
 -648.3  0
 -648.2  0
 -648.1  0
 -648  0
 -647.9  0
 -647.8  0
 -647.7  0
 -647.6  0
 -647.5  0
 -647.4  0
 -647.3  0
 -647.2  0
 -647.1  0
 -647  0
 -646.9  0
 -646.8  0
 -646.7  0
 -646.6  0
 -646.5  0
 -646.4  0
 -646.3  0
 -646.2  0
 -646.1  0
 -646  0
 -645.9  0
 -645.8  0
 -645.7  0
 -645.6  0
 -645.5  0
 -645.4  0
 -645.3  0
 -645.2  0
 -645.1  0
 -645  0
 -644.9  0
 -644.8  0
 -644.7  0
 -644.6  0
 -644.5  0
 -644.4  0
 -644.3  0
 -644.2  0
 -644.1  0
 -644  0
 -643.9  0
 -643.8  0
 -643.7  0
 -643.6  0
 -643.5  0.000199996
 -643.4  0
 -643.3  0
 -643.2  0
 -643.1  0
 -643  0
 -642.9  0
 -642.8  0
 -642.7  0
 -642.6  0
 -642.5  0
 -642.4  0
 -642.3  0
 -642.2  0
 -642.1  0
 -642  0
 -641.9  0
 -641.8  0
 -641.7  0
 -641.6  0
 -641.5  0
 -641.4  0
 -641.3  0
 -641.2  0
 -641.1  0
 -641  0
 -640.9  0
 -640.8  0
 -640.7  0
 -640.6  0
 -640.5  0
 -640.4  0
 -640.3  0
 -640.2  0
 -640.1  0
 -640  0
 -639.9  0
 -639.8  0
 -639.7  0
 -639.6  0
 -639.5  0
 -639.4  0
 -639.3  0
 -639.2  0
 -639.1  0
 -639  0
 -638.9  0
 -638.8  0
 -638.7  0
 -638.6  0
 -638.5  0
 -638.4  0
 -638.3  0
 -638.2  0
 -638.1  0
 -638  0
 -637.9  0
 -637.8  0
 -637.7  0
 -637.6  0
 -637.5  0
 -637.4  0
 -637.3  0
 -637.2  0
 -637.1  0
 -637  0
 -636.9  0
 -636.8  0
 -636.7  0
 -636.6  0
 -636.5  0
 -636.4  0
 -636.3  0
 -636.2  0
 -636.1  0
 -636  0
 -635.9  0
 -635.8  0
 -635.7  0
 -635.6  0
 -635.5  0
 -635.4  0
 -635.3  0
 -635.2  0
 -635.1  0
 -635  0
 -634.9  0
 -634.8  0
 -634.7  0
 -634.6  0
 -634.5  0
 -634.4  0
 -634.3  0
 -634.2  0
 -634.1  0
 -634  0
 -633.9  0
 -633.8  0
 -633.7  0
 -633.6  0
 -633.5  0
 -633.4  0
 -633.3  0
 -633.2  0
 -633.1  0
 -633  0
 -632.9  0
 -632.8  0
 -632.7  0
 -632.6  0
 -632.5  0
 -632.4  0
 -632.3  0
 -632.2  0
 -632.1  0
 -632  0
 -631.9  0
 -631.8  0
 -631.7  0
 -631.6  0
 -631.5  0
 -631.4  0
 -631.3  0
 -631.2  0
 -631.1  0
 -631  0
 -630.9  0
 -630.8  0
 -630.7  0
 -630.6  0
 -630.5  0
 -630.4  0
 -630.3  0
 -630.2  0
 -630.1  0
 -630  0
 -629.9  0
 -629.8  0
 -629.7  0
 -629.6  0
 -629.5  0
 -629.4  0
 -629.3  0
 -629.2  0
 -629.1  0
 -629  0
 -628.9  0
 -628.8  0
 -628.7  0
 -628.6  0
 -628.5  0
 -628.4  0
 -628.3  0
 -628.2  0
 -628.1  0
 -628  0
 -627.9  0
 -627.8  0
 -627.7  0
 -627.6  0
 -627.5  0
 -627.4  0
 -627.3  0
 -627.2  0
 -627.1  0
 -627  0
 -626.9  0
 -626.8  0
 -626.7  0
 -626.6  0
 -626.5  0
 -626.4  0
 -626.3  0
 -626.2  0
 -626.1  0
 -626  0
 -625.9  0
 -625.8  0
 -625.7  0
 -625.6  0
 -625.5  0
 -625.4  0
 -625.3  0
 -625.2  0
 -625.1  0
 -625  0
 -624.9  0
 -624.8  0
 -624.7  0
 -624.6  0
 -624.5  0
 -624.4  0
 -624.3  0
 -624.2  0
 -624.1  0
 -624  0
 -623.9  0
 -623.8  0
 -623.7  0
 -623.6  0
 -623.5  0
 -623.4  0
 -623.3  0
 -623.2  0
 -623.1  0
 -623  0
 -622.9  0
 -622.8  0
 -622.7  0
 -622.6  0
 -622.5  0
 -622.4  0
 -622.3  0
 -622.2  0
 -622.1  0
 -622  0
 -621.9  0
 -621.8  0
 -621.7  0
 -621.6  0
 -621.5  0
 -621.4  0
 -621.3  0
 -621.2  0
 -621.1  0
 -621  0
 -620.9  0
 -620.8  0
 -620.7  0
 -620.6  0
 -620.5  0
 -620.4  0
 -620.3  0
 -620.2  0
 -620.1  0
 -620  0
 -619.9  0
 -619.8  0
 -619.7  0
 -619.6  0
 -619.5  0
 -619.4  0
 -619.3  0
 -619.2  0
 -619.1  0
 -619  0
 -618.9  0
 -618.8  0
 -618.7  0
 -618.6  0
 -618.5  0
 -618.4  0
 -618.3  0
 -618.2  0
 -618.1  0
 -618  0
 -617.9  0
 -617.8  0
 -617.7  0
 -617.6  0
 -617.5  0
 -617.4  0
 -617.3  0
 -617.2  0
 -617.1  0
 -617  0
 -616.9  0
 -616.8  0
 -616.7  0
 -616.6  0
 -616.5  0
 -616.4  0
 -616.3  0
 -616.2  0
 -616.1  0
 -616  0
 -615.9  0
 -615.8  0
 -615.7  0
 -615.6  0
 -615.5  0
 -615.4  0
 -615.3  0
 -615.2  0
 -615.1  0
 -615  0
 -614.9  0
 -614.8  0
 -614.7  0
 -614.6  0
 -614.5  0
 -614.4  0
 -614.3  0
 -614.2  0
 -614.1  0
 -614  0
 -613.9  0
 -613.8  0
 -613.7  0
 -613.6  0
 -613.5  0
 -613.4  0
 -613.3  0
 -613.2  0
 -613.1  0
 -613  0
 -612.9  0
 -612.8  0
 -612.7  0
 -612.6  0
 -612.5  0
 -612.4  0
 -612.3  0
 -612.2  0
 -612.1  0
 -612  0
 -611.9  0
 -611.8  0
 -611.7  0
 -611.6  0
 -611.5  0
 -611.4  0
 -611.3  0
 -611.2  0
 -611.1  0
 -611  0
 -610.9  0
 -610.8  0
 -610.7  0
 -610.6  0
 -610.5  0
 -610.4  0
 -610.3  0
 -610.2  0
 -610.1  0
 -610  0
 -609.9  0
 -609.8  0
 -609.7  0
 -609.6  0
 -609.5  0
 -609.4  0
 -609.3  0
 -609.2  0
 -609.1  0
 -609  0
 -608.9  0
 -608.8  0
 -608.7  0
 -608.6  0
 -608.5  0
 -608.4  0
 -608.3  0
 -608.2  0
 -608.1  0
 -608  0
 -607.9  0
 -607.8  0
 -607.7  0
 -607.6  0
 -607.5  0
 -607.4  0
 -607.3  0
 -607.2  0
 -607.1  0
 -607  0
 -606.9  0
 -606.8  0
 -606.7  0
 -606.6  0
 -606.5  0
 -606.4  0
 -606.3  0
 -606.2  0
 -606.1  0
 -606  0
 -605.9  0
 -605.8  0
 -605.7  0
 -605.6  0
 -605.5  0
 -605.4  0
 -605.3  0
 -605.2  0
 -605.1  0
 -605  0
 -604.9  0
 -604.8  0
 -604.7  0
 -604.6  0
 -604.5  0
 -604.4  0
 -604.3  0
 -604.2  0
 -604.1  0
 -604  0
 -603.9  0
 -603.8  0
 -603.7  0
 -603.6  0
 -603.5  0
 -603.4  0
 -603.3  0
 -603.2  0
 -603.1  0
 -603  0
 -602.9  0
 -602.8  0
 -602.7  0
 -602.6  0
 -602.5  0
 -602.4  0
 -602.3  0
 -602.2  0
 -602.1  0
 -602  0
 -601.9  0
 -601.8  0
 -601.7  0
 -601.6  0
 -601.5  0
 -601.4  0
 -601.3  0
 -601.2  0
 -601.1  0
 -601  0
 -600.9  0
 -600.8  0
 -600.7  0
 -600.6  0
 -600.5  0
 -600.4  0
 -600.3  0
 -600.2  0
 -600.1  0
 -600  0
 -599.9  0
 -599.8  0
 -599.7  0
 -599.6  0
 -599.5  0
 -599.4  0
 -599.3  0
 -599.2  0
 -599.1  0
 -599  0
 -598.9  0
 -598.8  0
 -598.7  0
 -598.6  0
 -598.5  0
 -598.4  0
 -598.3  0
 -598.2  0
 -598.1  0
 -598  0
 -597.9  0
 -597.8  0
 -597.7  0
 -597.6  0
 -597.5  0
 -597.4  0
 -597.3  0
 -597.2  0
 -597.1  0
 -597  0
 -596.9  0
 -596.8  0
 -596.7  0
 -596.6  0
 -596.5  0
 -596.4  0
 -596.3  0
 -596.2  0
 -596.1  0
 -596  0
 -595.9  0
 -595.8  0
 -595.7  0
 -595.6  0
 -595.5  0
 -595.4  0
 -595.3  0
 -595.2  0
 -595.1  0
 -595  0
 -594.9  0
 -594.8  0
 -594.7  0
 -594.6  0
 -594.5  0
 -594.4  0
 -594.3  0
 -594.2  0
 -594.1  0
 -594  0
 -593.9  0
 -593.8  0
 -593.7  0
 -593.6  0
 -593.5  0
 -593.4  0
 -593.3  0
 -593.2  0
 -593.1  0
 -593  0
 -592.9  0
 -592.8  0
 -592.7  0
 -592.6  0
 -592.5  0
 -592.4  0
 -592.3  0
 -592.2  0
 -592.1  0
 -592  0
 -591.9  0
 -591.8  0
 -591.7  0
 -591.6  0
 -591.5  0
 -591.4  0
 -591.3  0
 -591.2  0
 -591.1  0
 -591  0
 -590.9  0
 -590.8  0
 -590.7  0
 -590.6  0
 -590.5  0
 -590.4  0
 -590.3  0
 -590.2  0
 -590.1  0
 -590  0
 -589.9  0
 -589.8  0
 -589.7  0
 -589.6  0
 -589.5  0
 -589.4  0
 -589.3  0
 -589.2  0
 -589.1  0
 -589  0
 -588.9  0
 -588.8  0
 -588.7  0
 -588.6  0
 -588.5  0
 -588.4  0
 -588.3  0
 -588.2  0
 -588.1  0
 -588  0
 -587.9  0
 -587.8  0
 -587.7  0
 -587.6  0
 -587.5  0
 -587.4  0
 -587.3  0
 -587.2  0
 -587.1  0
 -587  0
 -586.9  0.000199996
 -586.8  0
 -586.7  0
 -586.6  0
 -586.5  0
 -586.4  0
 -586.3  0
 -586.2  0
 -586.1  0
 -586  0
 -585.9  0
 -585.8  0
 -585.7  0
 -585.6  0
 -585.5  0
 -585.4  0
 -585.3  0
 -585.2  0
 -585.1  0
 -585  0
 -584.9  0
 -584.8  0
 -584.7  0
 -584.6  0
 -584.5  0
 -584.4  0
 -584.3  0
 -584.2  0
 -584.1  0
 -584  0
 -583.9  0
 -583.8  0
 -583.7  0
 -583.6  0
 -583.5  0
 -583.4  0
 -583.3  0
 -583.2  0
 -583.1  0
 -583  0
 -582.9  0
 -582.8  0
 -582.7  0
 -582.6  0
 -582.5  0
 -582.4  0
 -582.3  0
 -582.2  0
 -582.1  0
 -582  0
 -581.9  0
 -581.8  0
 -581.7  0
 -581.6  0
 -581.5  0
 -581.4  0
 -581.3  0
 -581.2  0
 -581.1  0
 -581  0
 -580.9  0
 -580.8  0
 -580.7  0
 -580.6  0
 -580.5  0
 -580.4  0
 -580.3  0
 -580.2  0
 -580.1  0
 -580  0
 -579.9  0
 -579.8  0
 -579.7  0
 -579.6  0
 -579.5  0
 -579.4  0
 -579.3  0
 -579.2  0
 -579.1  0
 -579  0
 -578.9  0
 -578.8  0
 -578.7  0
 -578.6  0
 -578.5  0
 -578.4  0
 -578.3  0
 -578.2  0
 -578.1  0
 -578  0
 -577.9  0
 -577.8  0
 -577.7  0
 -577.6  0
 -577.5  0
 -577.4  0
 -577.3  0
 -577.2  0
 -577.1  0
 -577  0
 -576.9  0
 -576.8  0
 -576.7  0
 -576.6  0
 -576.5  0
 -576.4  0
 -576.3  0
 -576.2  0
 -576.1  0
 -576  0
 -575.9  0
 -575.8  0
 -575.7  0
 -575.6  0
 -575.5  0
 -575.4  0
 -575.3  0
 -575.2  0
 -575.1  0
 -575  0
 -574.9  0
 -574.8  0
 -574.7  0
 -574.6  0
 -574.5  0
 -574.4  0
 -574.3  0
 -574.2  0
 -574.1  0
 -574  0
 -573.9  0
 -573.8  0
 -573.7  0
 -573.6  0
 -573.5  0
 -573.4  0
 -573.3  0
 -573.2  0
 -573.1  0
 -573  0
 -572.9  0
 -572.8  0
 -572.7  0
 -572.6  0
 -572.5  0
 -572.4  0
 -572.3  0
 -572.2  0
 -572.1  0
 -572  0
 -571.9  0
 -571.8  0
 -571.7  0
 -571.6  0
 -571.5  0
 -571.4  0
 -571.3  0
 -571.2  0
 -571.1  0
 -571  0
 -570.9  0
 -570.8  0
 -570.7  0
 -570.6  0
 -570.5  0
 -570.4  0
 -570.3  0
 -570.2  0
 -570.1  0
 -570  0
 -569.9  0
 -569.8  0
 -569.7  0
 -569.6  0
 -569.5  0
 -569.4  0
 -569.3  0
 -569.2  0
 -569.1  0
 -569  0
 -568.9  0
 -568.8  0
 -568.7  0
 -568.6  0
 -568.5  0
 -568.4  0
 -568.3  0
 -568.2  0
 -568.1  0
 -568  0
 -567.9  0
 -567.8  0
 -567.7  0
 -567.6  0
 -567.5  0
 -567.4  0
 -567.3  0
 -567.2  0
 -567.1  0
 -567  0
 -566.9  0
 -566.8  0
 -566.7  0
 -566.6  0
 -566.5  0
 -566.4  0
 -566.3  0
 -566.2  0
 -566.1  0
 -566  0
 -565.9  0
 -565.8  0
 -565.7  0
 -565.6  0
 -565.5  0
 -565.4  0
 -565.3  0
 -565.2  0
 -565.1  0
 -565  0
 -564.9  0
 -564.8  0
 -564.7  0
 -564.6  0
 -564.5  0
 -564.4  0
 -564.3  0
 -564.2  0
 -564.1  0
 -564  0
 -563.9  0
 -563.8  0
 -563.7  0
 -563.6  0
 -563.5  0
 -563.4  0
 -563.3  0
 -563.2  0
 -563.1  0
 -563  0
 -562.9  0
 -562.8  0
 -562.7  0
 -562.6  0.000199996
 -562.5  0
 -562.4  0
 -562.3  0
 -562.2  0
 -562.1  0
 -562  0
 -561.9  0
 -561.8  0
 -561.7  0
 -561.6  0
 -561.5  0
 -561.4  0
 -561.3  0
 -561.2  0
 -561.1  0
 -561  0
 -560.9  0
 -560.8  0
 -560.7  0
 -560.6  0
 -560.5  0
 -560.4  0
 -560.3  0
 -560.2  0
 -560.1  0
 -560  0
 -559.9  0
 -559.8  0
 -559.7  0
 -559.6  0
 -559.5  0
 -559.4  0
 -559.3  0
 -559.2  0
 -559.1  0
 -559  0
 -558.9  0
 -558.8  0
 -558.7  0
 -558.6  0
 -558.5  0
 -558.4  0
 -558.3  0
 -558.2  0
 -558.1  0
 -558  0
 -557.9  0
 -557.8  0
 -557.7  0
 -557.6  0
 -557.5  0
 -557.4  0
 -557.3  0
 -557.2  0
 -557.1  0
 -557  0
 -556.9  0
 -556.8  0
 -556.7  0
 -556.6  0
 -556.5  0
 -556.4  0
 -556.3  0
 -556.2  0
 -556.1  0
 -556  0
 -555.9  0
 -555.8  0
 -555.7  0
 -555.6  0
 -555.5  0
 -555.4  0
 -555.3  0
 -555.2  0
 -555.1  0
 -555  0
 -554.9  0
 -554.8  0
 -554.7  0
 -554.6  0
 -554.5  0
 -554.4  0
 -554.3  0
 -554.2  0
 -554.1  0
 -554  0
 -553.9  0
 -553.8  0
 -553.7  0
 -553.6  0
 -553.5  0
 -553.4  0
 -553.3  0
 -553.2  0
 -553.1  0
 -553  0
 -552.9  0
 -552.8  0
 -552.7  0
 -552.6  0
 -552.5  0
 -552.4  0
 -552.3  0
 -552.2  0
 -552.1  0
 -552  0
 -551.9  0
 -551.8  0
 -551.7  0
 -551.6  0
 -551.5  0
 -551.4  0
 -551.3  0
 -551.2  0
 -551.1  0
 -551  0
 -550.9  0
 -550.8  0
 -550.7  0
 -550.6  0
 -550.5  0
 -550.4  0
 -550.3  0
 -550.2  0
 -550.1  0
 -550  0
 -549.9  0
 -549.8  0
 -549.7  0
 -549.6  0
 -549.5  0
 -549.4  0
 -549.3  0
 -549.2  0
 -549.1  0
 -549  0
 -548.9  0
 -548.8  0
 -548.7  0
 -548.6  0
 -548.5  0
 -548.4  0
 -548.3  0
 -548.2  0
 -548.1  0
 -548  0
 -547.9  0
 -547.8  0
 -547.7  0
 -547.6  0
 -547.5  0
 -547.4  0
 -547.3  0
 -547.2  0
 -547.1  0
 -547  0
 -546.9  0
 -546.8  0
 -546.7  0
 -546.6  0
 -546.5  0
 -546.4  0
 -546.3  0
 -546.2  0
 -546.1  0
 -546  0
 -545.9  0
 -545.8  0
 -545.7  0
 -545.6  0
 -545.5  0
 -545.4  0
 -545.3  0
 -545.2  0
 -545.1  0
 -545  0
 -544.9  0
 -544.8  0
 -544.7  0
 -544.6  0
 -544.5  0
 -544.4  0
 -544.3  0
 -544.2  0
 -544.1  0
 -544  0
 -543.9  0
 -543.8  0
 -543.7  0
 -543.6  0
 -543.5  0
 -543.4  0
 -543.3  0
 -543.2  0
 -543.1  0
 -543  0
 -542.9  0
 -542.8  0
 -542.7  0
 -542.6  0
 -542.5  0
 -542.4  0
 -542.3  0
 -542.2  0
 -542.1  0
 -542  0
 -541.9  0
 -541.8  0
 -541.7  0
 -541.6  0
 -541.5  0
 -541.4  0
 -541.3  0
 -541.2  0
 -541.1  0
 -541  0
 -540.9  0
 -540.8  0
 -540.7  0
 -540.6  0
 -540.5  0
 -540.4  0
 -540.3  0
 -540.2  0
 -540.1  0
 -540  0
 -539.9  0
 -539.8  0
 -539.7  0
 -539.6  0
 -539.5  0
 -539.4  0
 -539.3  0
 -539.2  0
 -539.1  0
 -539  0
 -538.9  0
 -538.8  0
 -538.7  0
 -538.6  0
 -538.5  0
 -538.4  0
 -538.3  0
 -538.2  0
 -538.1  0
 -538  0
 -537.9  0
 -537.8  0
 -537.7  0
 -537.6  0
 -537.5  0
 -537.4  0
 -537.3  0
 -537.2  0
 -537.1  0
 -537  0
 -536.9  0
 -536.8  0
 -536.7  0
 -536.6  0
 -536.5  0
 -536.4  0
 -536.3  0
 -536.2  0
 -536.1  0
 -536  0
 -535.9  0
 -535.8  0
 -535.7  0
 -535.6  0
 -535.5  0
 -535.4  0
 -535.3  0
 -535.2  0
 -535.1  0
 -535  0
 -534.9  0
 -534.8  0
 -534.7  0
 -534.6  0
 -534.5  0
 -534.4  0
 -534.3  0
 -534.2  0
 -534.1  0
 -534  0
 -533.9  0
 -533.8  0
 -533.7  0
 -533.6  0
 -533.5  0
 -533.4  0
 -533.3  0
 -533.2  0
 -533.1  0
 -533  0
 -532.9  0
 -532.8  0
 -532.7  0
 -532.6  0
 -532.5  0
 -532.4  0
 -532.3  0
 -532.2  0
 -532.1  0
 -532  0
 -531.9  0
 -531.8  0
 -531.7  0
 -531.6  0
 -531.5  0
 -531.4  0
 -531.3  0
 -531.2  0
 -531.1  0
 -531  0
 -530.9  0
 -530.8  0
 -530.7  0
 -530.6  0
 -530.5  0
 -530.4  0
 -530.3  0
 -530.2  0
 -530.1  0
 -530  0
 -529.9  0
 -529.8  0
 -529.7  0
 -529.6  0
 -529.5  0
 -529.4  0
 -529.3  0
 -529.2  0
 -529.1  0
 -529  0
 -528.9  0
 -528.8  0
 -528.7  0
 -528.6  0
 -528.5  0
 -528.4  0
 -528.3  0
 -528.2  0
 -528.1  0
 -528  0
 -527.9  0
 -527.8  0
 -527.7  0
 -527.6  0
 -527.5  0
 -527.4  0
 -527.3  0
 -527.2  0
 -527.1  0
 -527  0
 -526.9  0
 -526.8  0
 -526.7  0
 -526.6  0
 -526.5  0
 -526.4  0
 -526.3  0
 -526.2  0
 -526.1  0
 -526  0
 -525.9  0
 -525.8  0
 -525.7  0
 -525.6  0
 -525.5  0
 -525.4  0
 -525.3  0
 -525.2  0
 -525.1  0
 -525  0
 -524.9  0
 -524.8  0
 -524.7  0
 -524.6  0
 -524.5  0
 -524.4  0
 -524.3  0
 -524.2  0
 -524.1  0
 -524  0
 -523.9  0
 -523.8  0
 -523.7  0
 -523.6  0
 -523.5  0
 -523.4  0
 -523.3  0
 -523.2  0
 -523.1  0
 -523  0
 -522.9  0
 -522.8  0
 -522.7  0
 -522.6  0
 -522.5  0
 -522.4  0
 -522.3  0
 -522.2  0
 -522.1  0
 -522  0
 -521.9  0.000199996
 -521.8  0
 -521.7  0
 -521.6  0
 -521.5  0
 -521.4  0
 -521.3  0
 -521.2  0
 -521.1  0
 -521  0
 -520.9  0
 -520.8  0
 -520.7  0
 -520.6  0
 -520.5  0
 -520.4  0
 -520.3  0
 -520.2  0
 -520.1  0
 -520  0
 -519.9  0
 -519.8  0
 -519.7  0
 -519.6  0
 -519.5  0
 -519.4  0
 -519.3  0
 -519.2  0
 -519.1  0
 -519  0
 -518.9  0
 -518.8  0
 -518.7  0
 -518.6  0
 -518.5  0
 -518.4  0
 -518.3  0
 -518.2  0
 -518.1  0
 -518  0
 -517.9  0
 -517.8  0
 -517.7  0
 -517.6  0
 -517.5  0
 -517.4  0
 -517.3  0
 -517.2  0
 -517.1  0
 -517  0
 -516.9  0
 -516.8  0
 -516.7  0
 -516.6  0
 -516.5  0
 -516.4  0
 -516.3  0
 -516.2  0
 -516.1  0
 -516  0
 -515.9  0
 -515.8  0
 -515.7  0
 -515.6  0
 -515.5  0
 -515.4  0
 -515.3  0
 -515.2  0
 -515.1  0
 -515  0
 -514.9  0
 -514.8  0
 -514.7  0
 -514.6  0
 -514.5  0
 -514.4  0
 -514.3  0
 -514.2  0
 -514.1  0
 -514  0
 -513.9  0
 -513.8  0.000199996
 -513.7  0
 -513.6  0
 -513.5  0
 -513.4  0
 -513.3  0
 -513.2  0
 -513.1  0
 -513  0
 -512.9  0
 -512.8  0
 -512.7  0
 -512.6  0
 -512.5  0
 -512.4  0
 -512.3  0
 -512.2  0
 -512.1  0.000199996
 -512  0
 -511.9  0
 -511.8  0
 -511.7  0
 -511.6  0
 -511.5  0
 -511.4  0
 -511.3  0
 -511.2  0.000199996
 -511.1  0
 -511  0
 -510.9  0
 -510.8  0
 -510.7  0
 -510.6  0
 -510.5  0
 -510.4  0
 -510.3  0
 -510.2  0
 -510.1  0
 -510  0
 -509.9  0
 -509.8  0
 -509.7  0
 -509.6  0
 -509.5  0
 -509.4  0
 -509.3  0
 -509.2  0
 -509.1  0
 -509  0
 -508.9  0
 -508.8  0
 -508.7  0
 -508.6  0
 -508.5  0
 -508.4  0
 -508.3  0
 -508.2  0
 -508.1  0
 -508  0
 -507.9  0
 -507.8  0
 -507.7  0
 -507.6  0
 -507.5  0
 -507.4  0
 -507.3  0
 -507.2  0
 -507.1  0
 -507  0
 -506.9  0
 -506.8  0
 -506.7  0.000199996
 -506.6  0
 -506.5  0.000199996
 -506.4  0
 -506.3  0
 -506.2  0
 -506.1  0
 -506  0
 -505.9  0
 -505.8  0
 -505.7  0
 -505.6  0
 -505.5  0
 -505.4  0
 -505.3  0
 -505.2  0
 -505.1  0
 -505  0
 -504.9  0
 -504.8  0
 -504.7  0
 -504.6  0
 -504.5  0
 -504.4  0
 -504.3  0
 -504.2  0
 -504.1  0
 -504  0.000199996
 -503.9  0
 -503.8  0
 -503.7  0
 -503.6  0
 -503.5  0
 -503.4  0
 -503.3  0
 -503.2  0
 -503.1  0
 -503  0
 -502.9  0
 -502.8  0
 -502.7  0
 -502.6  0
 -502.5  0
 -502.4  0
 -502.3  0
 -502.2  0
 -502.1  0
 -502  0
 -501.9  0
 -501.8  0
 -501.7  0
 -501.6  0
 -501.5  0
 -501.4  0
 -501.3  0
 -501.2  0
 -501.1  0
 -501  0
 -500.9  0
 -500.8  0.000199996
 -500.7  0
 -500.6  0
 -500.5  0
 -500.4  0
 -500.3  0
 -500.2  0
 -500.1  0
 -500  0
 -499.9  0
 -499.8  0
 -499.7  0
 -499.6  0
 -499.5  0
 -499.4  0
 -499.3  0
 -499.2  0
 -499.1  0
 -499  0
 -498.9  0
 -498.8  0
 -498.7  0
 -498.6  0.000199996
 -498.5  0
 -498.4  0
 -498.3  0.000199996
 -498.2  0
 -498.1  0.000199996
 -498  0
 -497.9  0.000199996
 -497.8  0
 -497.7  0
 -497.6  0.000199996
 -497.5  0
 -497.4  0.000199996
 -497.3  0
 -497.2  0
 -497.1  0
 -497  0
 -496.9  0
 -496.8  0
 -496.7  0
 -496.6  0
 -496.5  0.000199996
 -496.4  0.000399992
 -496.3  0
 -496.2  0
 -496.1  0
 -496  0
 -495.9  0
 -495.8  0
 -495.7  0
 -495.6  0
 -495.5  0
 -495.4  0.000199996
 -495.3  0.000199996
 -495.2  0
 -495.1  0
 -495  0
 -494.9  0
 -494.8  0
 -494.7  0
 -494.6  0
 -494.5  0.000199996
 -494.4  0
 -494.3  0.000399992
 -494.2  0
 -494.1  0.000199996
 -494  0
 -493.9  0
 -493.8  0.000199996
 -493.7  0.000199996
 -493.6  0.000199996
 -493.5  0.000399992
 -493.4  0
 -493.3  0
 -493.2  0
 -493.1  0
 -493  0
 -492.9  0
 -492.8  0.000199996
 -492.7  0
 -492.6  0
 -492.5  0
 -492.4  0
 -492.3  0.000199996
 -492.2  0
 -492.1  0
 -492  0.000199996
 -491.9  0.000199996
 -491.8  0
 -491.7  0.000199996
 -491.6  0.000199996
 -491.5  0
 -491.4  0
 -491.3  0
 -491.2  0.000199996
 -491.1  0
 -491  0.000199996
 -490.9  0.000399992
 -490.8  0.000199996
 -490.7  0.000199996
 -490.6  0.000199996
 -490.5  0
 -490.4  0
 -490.3  0.000199996
 -490.2  0.000399992
 -490.1  0.000199996
 -490  0.000199996
 -489.9  0
 -489.8  0.000199996
 -489.7  0.000199996
 -489.6  0.000599988
 -489.5  0.000199996
 -489.4  0.000399992
 -489.3  0
 -489.2  0.000199996
 -489.1  0.000199996
 -489  0.000199996
 -488.9  0.000199996
 -488.8  0.000199996
 -488.7  0.000399992
 -488.6  0.000199996
 -488.5  0.000199996
 -488.4  0
 -488.3  0.000199996
 -488.2  0
 -488.1  0.000199996
 -488  0
 -487.9  0.000199996
 -487.8  0
 -487.7  0.000399992
 -487.6  0.000399992
 -487.5  0.000199996
 -487.4  0
 -487.3  0.000199996
 -487.2  0.000199996
 -487.1  0
 -487  0.000199996
 -486.9  0.000199996
 -486.8  0.000199996
 -486.7  0.000399992
 -486.6  0
 -486.5  0.000399992
 -486.4  0.000599988
 -486.3  0
 -486.2  0.000199996
 -486.1  0.000199996
 -486  0.000399992
 -485.9  0.000199996
 -485.8  0.000199996
 -485.7  0
 -485.6  0.000199996
 -485.5  0.000199996
 -485.4  0.000199996
 -485.3  0.000599988
 -485.2  0
 -485.1  0.000399992
 -485  0.000199996
 -484.9  0.000199996
 -484.8  0.000199996
 -484.7  0.000199996
 -484.6  0.000199996
 -484.5  0.000799984
 -484.4  0.00119998
 -484.3  0.000599988
 -484.2  0.000399992
 -484.1  0.000199996
 -484  0.00099998
 -483.9  0.000599988
 -483.8  0.000399992
 -483.7  0.000799984
 -483.6  0
 -483.5  0
 -483.4  0.000599988
 -483.3  0.000199996
 -483.2  0
 -483.1  0.000599988
 -483  0.000599988
 -482.9  0
 -482.8  0.000799984
 -482.7  0.000199996
 -482.6  0.000199996
 -482.5  0.000399992
 -482.4  0.000399992
 -482.3  0.000199996
 -482.2  0.000199996
 -482.1  0.000399992
 -482  0.000199996
 -481.9  0.000399992
 -481.8  0.000399992
 -481.7  0.00099998
 -481.6  0.000799984
 -481.5  0.000599988
 -481.4  0.000199996
 -481.3  0.000399992
 -481.2  0.00099998
 -481.1  0.000599988
 -481  0
 -480.9  0.000399992
 -480.8  0.000799984
 -480.7  0.000599988
 -480.6  0
 -480.5  0
 -480.4  0.000399992
 -480.3  0.00119998
 -480.2  0.00099998
 -480.1  0.000399992
 -480  0.00099998
 -479.9  0.000199996
 -479.8  0.000399992
 -479.7  0.000799984
 -479.6  0.000799984
 -479.5  0.000799984
 -479.4  0.000799984
 -479.3  0.000799984
 -479.2  0.00099998
 -479.1  0.000399992
 -479  0.00099998
 -478.9  0.000599988
 -478.8  0.000599988
 -478.7  0.00119998
 -478.6  0.000599988
 -478.5  0.000799984
 -478.4  0.000599988
 -478.3  0.00139997
 -478.2  0.000799984
 -478.1  0
 -478  0.000199996
 -477.9  0.000199996
 -477.8  0.000599988
 -477.7  0.00099998
 -477.6  0.00139997
 -477.5  0.000799984
 -477.4  0.000399992
 -477.3  0.000799984
 -477.2  0.000799984
 -477.1  0.000799984
 -477  0.000799984
 -476.9  0.000199996
 -476.8  0.00119998
 -476.7  0.00119998
 -476.6  0.000799984
 -476.5  0.00119998
 -476.4  0.00159997
 -476.3  0.00119998
 -476.2  0.00159997
 -476.1  0.000799984
 -476  0.000799984
 -475.9  0.000799984
 -475.8  0.000399992
 -475.7  0.00159997
 -475.6  0.00119998
 -475.5  0.00119998
 -475.4  0.00119998
 -475.3  0.00119998
 -475.2  0.000799984
 -475.1  0.000399992
 -475  0.00159997
 -474.9  0.000599988
 -474.8  0.00119998
 -474.7  0.00099998
 -474.6  0.000799984
 -474.5  0.00119998
 -474.4  0.00139997
 -474.3  0.000599988
 -474.2  0.000799984
 -474.1  0.000399992
 -474  0.00199996
 -473.9  0.00139997
 -473.8  0.000599988
 -473.7  0.00139997
 -473.6  0.00119998
 -473.5  0.000399992
 -473.4  0.00139997
 -473.3  0.00199996
 -473.2  0.00099998
 -473.1  0.000799984
 -473  0.00219996
 -472.9  0.00159997
 -472.8  0.000799984
 -472.7  0.00119998
 -472.6  0.00139997
 -472.5  0.00159997
 -472.4  0.00139997
 -472.3  0.00119998
 -472.2  0.000599988
 -472.1  0.00139997
 -472  0.00259995
 -471.9  0.00159997
 -471.8  0.00239995
 -471.7  0.00139997
 -471.6  0.00219996
 -471.5  0.00119998
 -471.4  0.00139997
 -471.3  0.00219996
 -471.2  0.00139997
 -471.1  0.00119998
 -471  0.00199996
 -470.9  0.00139997
 -470.8  0.00199996
 -470.7  0.00179996
 -470.6  0.00099998
 -470.5  0.00199996
 -470.4  0.00099998
 -470.3  0.00239995
 -470.2  0.00179996
 -470.1  0.000799984
 -470  0.00159997
 -469.9  0.00199996
 -469.8  0.00139997
 -469.7  0.000399992
 -469.6  0.00259995
 -469.5  0.00139997
 -469.4  0.00219996
 -469.3  0.00159997
 -469.2  0.00339993
 -469.1  0.00319994
 -469  0.00259995
 -468.9  0.00099998
 -468.8  0.00239995
 -468.7  0.00179996
 -468.6  0.00099998
 -468.5  0.00359993
 -468.4  0.00259995
 -468.3  0.00179996
 -468.2  0.00359993
 -468.1  0.00159997
 -468  0.00179996
 -467.9  0.00279994
 -467.8  0.00219996
 -467.7  0.00179996
 -467.6  0.00119998
 -467.5  0.00139997
 -467.4  0.00439991
 -467.3  0.00099998
 -467.2  0.00239995
 -467.1  0.00399992
 -467  0.00139997
 -466.9  0.00319994
 -466.8  0.00239995
 -466.7  0.00319994
 -466.6  0.00299994
 -466.5  0.00239995
 -466.4  0.00239995
 -466.3  0.00339993
 -466.2  0.00299994
 -466.1  0.00299994
 -466  0.00219996
 -465.9  0.00179996
 -465.8  0.00299994
 -465.7  0.00299994
 -465.6  0.00179996
 -465.5  0.00319994
 -465.4  0.00279994
 -465.3  0.00319994
 -465.2  0.00339993
 -465.1  0.00359993
 -465  0.00379992
 -464.9  0.00239995
 -464.8  0.00219996
 -464.7  0.00339993
 -464.6  0.00399992
 -464.5  0.00379992
 -464.4  0.00379992
 -464.3  0.00339993
 -464.2  0.00199996
 -464.1  0.0047999
 -464  0.00459991
 -463.9  0.0051999
 -463.8  0.00299994
 -463.7  0.00339993
 -463.6  0.00419992
 -463.5  0.00319994
 -463.4  0.0051999
 -463.3  0.00339993
 -463.2  0.00259995
 -463.1  0.00399992
 -463  0.00399992
 -462.9  0.00319994
 -462.8  0.00379992
 -462.7  0.00299994
 -462.6  0.00459991
 -462.5  0.00359993
 -462.4  0.00359993
 -462.3  0.00359993
 -462.2  0.00439991
 -462.1  0.00439991
 -462  0.00299994
 -461.9  0.00359993
 -461.8  0.0049999
 -461.7  0.00279994
 -461.6  0.00339993
 -461.5  0.00399992
 -461.4  0.00379992
 -461.3  0.0051999
 -461.2  0.00339993
 -461.1  0.00359993
 -461  0.00379992
 -460.9  0.00419992
 -460.8  0.00399992
 -460.7  0.00359993
 -460.6  0.00419992
 -460.5  0.0049999
 -460.4  0.00299994
 -460.3  0.00439991
 -460.2  0.00219996
 -460.1  0.00359993
 -460  0.00559989
 -459.9  0.00359993
 -459.8  0.00579988
 -459.7  0.00459991
 -459.6  0.00399992
 -459.5  0.0051999
 -459.4  0.0049999
 -459.3  0.00419992
 -459.2  0.00419992
 -459.1  0.00579988
 -459  0.00559989
 -458.9  0.00599988
 -458.8  0.00559989
 -458.7  0.0051999
 -458.6  0.00399992
 -458.5  0.00559989
 -458.4  0.00579988
 -458.3  0.00539989
 -458.2  0.00579988
 -458.1  0.00579988
 -458  0.00579988
 -457.9  0.0047999
 -457.8  0.00559989
 -457.7  0.00679986
 -457.6  0.00599988
 -457.5  0.00719986
 -457.4  0.00619988
 -457.3  0.00699986
 -457.2  0.00559989
 -457.1  0.00619988
 -457  0.0049999
 -456.9  0.00459991
 -456.8  0.0051999
 -456.7  0.00419992
 -456.6  0.00699986
 -456.5  0.00779984
 -456.4  0.00619988
 -456.3  0.00359993
 -456.2  0.00559989
 -456.1  0.00579988
 -456  0.00539989
 -455.9  0.00579988
 -455.8  0.00559989
 -455.7  0.00539989
 -455.6  0.00599988
 -455.5  0.0049999
 -455.4  0.00679986
 -455.3  0.00679986
 -455.2  0.00699986
 -455.1  0.00599988
 -455  0.0051999
 -454.9  0.00799984
 -454.8  0.00619988
 -454.7  0.00699986
 -454.6  0.00599988
 -454.5  0.00559989
 -454.4  0.00719986
 -454.3  0.00679986
 -454.2  0.00739985
 -454.1  0.00699986
 -454  0.00699986
 -453.9  0.00879982
 -453.8  0.00779984
 -453.7  0.00739985
 -453.6  0.00759985
 -453.5  0.00779984
 -453.4  0.00859983
 -453.3  0.00719986
 -453.2  0.00759985
 -453.1  0.00739985
 -453  0.00739985
 -452.9  0.00839983
 -452.8  0.00619988
 -452.7  0.00739985
 -452.6  0.00699986
 -452.5  0.00679986
 -452.4  0.00699986
 -452.3  0.00779984
 -452.2  0.0103998
 -452.1  0.00799984
 -452  0.00719986
 -451.9  0.00679986
 -451.8  0.00879982
 -451.7  0.00839983
 -451.6  0.00679986
 -451.5  0.00799984
 -451.4  0.00739985
 -451.3  0.00959981
 -451.2  0.00799984
 -451.1  0.00759985
 -451  0.00919982
 -450.9  0.00699986
 -450.8  0.00819984
 -450.7  0.0097998
 -450.6  0.00859983
 -450.5  0.00839983
 -450.4  0.00779984
 -450.3  0.00899982
 -450.2  0.0099998
 -450.1  0.00899982
 -450  0.00779984
 -449.9  0.0111998
 -449.8  0.00959981
 -449.7  0.00699986
 -449.6  0.0109998
 -449.5  0.00759985
 -449.4  0.00899982
 -449.3  0.00879982
 -449.2  0.0101998
 -449.1  0.00919982
 -449  0.00819984
 -448.9  0.0099998
 -448.8  0.00859983
 -448.7  0.00699986
 -448.6  0.00879982
 -448.5  0.00819984
 -448.4  0.0119998
 -448.3  0.0107998
 -448.2  0.00879982
 -448.1  0.0101998
 -448  0.0111998
 -447.9  0.00939981
 -447.8  0.0119998
 -447.7  0.0099998
 -447.6  0.0105998
 -447.5  0.0099998
 -447.4  0.0109998
 -447.3  0.00759985
 -447.2  0.0107998
 -447.1  0.0111998
 -447  0.00839983
 -446.9  0.00939981
 -446.8  0.00919982
 -446.7  0.0131997
 -446.6  0.0101998
 -446.5  0.0121998
 -446.4  0.0099998
 -446.3  0.0111998
 -446.2  0.0099998
 -446.1  0.0123998
 -446  0.0109998
 -445.9  0.0119998
 -445.8  0.0129997
 -445.7  0.0105998
 -445.6  0.0105998
 -445.5  0.0107998
 -445.4  0.0103998
 -445.3  0.0099998
 -445.2  0.00939981
 -445.1  0.0097998
 -445  0.00919982
 -444.9  0.0105998
 -444.8  0.0101998
 -444.7  0.0139997
 -444.6  0.0107998
 -444.5  0.0141997
 -444.4  0.0153997
 -444.3  0.0119998
 -444.2  0.0141997
 -444.1  0.0131997
 -444  0.0131997
 -443.9  0.0147997
 -443.8  0.0135997
 -443.7  0.0141997
 -443.6  0.0117998
 -443.5  0.0113998
 -443.4  0.0101998
 -443.3  0.0115998
 -443.2  0.0105998
 -443.1  0.0123998
 -443  0.0135997
 -442.9  0.0103998
 -442.8  0.0121998
 -442.7  0.0135997
 -442.6  0.0119998
 -442.5  0.0123998
 -442.4  0.0141997
 -442.3  0.0111998
 -442.2  0.0133997
 -442.1  0.0119998
 -442  0.0151997
 -441.9  0.0107998
 -441.8  0.0145997
 -441.7  0.0135997
 -441.6  0.0121998
 -441.5  0.0129997
 -441.4  0.0129997
 -441.3  0.0123998
 -441.2  0.0139997
 -441.1  0.0165997
 -441  0.0113998
 -440.9  0.0123998
 -440.8  0.0133997
 -440.7  0.0157997
 -440.6  0.0139997
 -440.5  0.0131997
 -440.4  0.0123998
 -440.3  0.0173997
 -440.2  0.0117998
 -440.1  0.0141997
 -440  0.0149997
 -439.9  0.0149997
 -439.8  0.0151997
 -439.7  0.0157997
 -439.6  0.0117998
 -439.5  0.0103998
 -439.4  0.0137997
 -439.3  0.0123998
 -439.2  0.0117998
 -439.1  0.0135997
 -439  0.0135997
 -438.9  0.0139997
 -438.8  0.0145997
 -438.7  0.0119998
 -438.6  0.0143997
 -438.5  0.0145997
 -438.4  0.0149997
 -438.3  0.0149997
 -438.2  0.0121998
 -438.1  0.0127997
 -438  0.0161997
 -437.9  0.0171997
 -437.8  0.0143997
 -437.7  0.0149997
 -437.6  0.0155997
 -437.5  0.0153997
 -437.4  0.0157997
 -437.3  0.0109998
 -437.2  0.0147997
 -437.1  0.0167997
 -437  0.0135997
 -436.9  0.0183996
 -436.8  0.0143997
 -436.7  0.0137997
 -436.6  0.0157997
 -436.5  0.0167997
 -436.4  0.0167997
 -436.3  0.0143997
 -436.2  0.0165997
 -436.1  0.0171997
 -436  0.0147997
 -435.9  0.0165997
 -435.8  0.0151997
 -435.7  0.0197996
 -435.6  0.0183996
 -435.5  0.0163997
 -435.4  0.0179996
 -435.3  0.0167997
 -435.2  0.0177996
 -435.1  0.0165997
 -435  0.0143997
 -434.9  0.0139997
 -434.8  0.0145997
 -434.7  0.0171997
 -434.6  0.0161997
 -434.5  0.0151997
 -434.4  0.0149997
 -434.3  0.0159997
 -434.2  0.0159997
 -434.1  0.0169997
 -434  0.0189996
 -433.9  0.0205996
 -433.8  0.0139997
 -433.7  0.0151997
 -433.6  0.0137997
 -433.5  0.0155997
 -433.4  0.0185996
 -433.3  0.0161997
 -433.2  0.0157997
 -433.1  0.0167997
 -433  0.0189996
 -432.9  0.0199996
 -432.8  0.0179996
 -432.7  0.0143997
 -432.6  0.0217996
 -432.5  0.0189996
 -432.4  0.0199996
 -432.3  0.0187996
 -432.2  0.0163997
 -432.1  0.0169997
 -432  0.0145997
 -431.9  0.0133997
 -431.8  0.0185996
 -431.7  0.0161997
 -431.6  0.0163997
 -431.5  0.0165997
 -431.4  0.0151997
 -431.3  0.0161997
 -431.2  0.0185996
 -431.1  0.0185996
 -431  0.0169997
 -430.9  0.0165997
 -430.8  0.0191996
 -430.7  0.0211996
 -430.6  0.0145997
 -430.5  0.0171997
 -430.4  0.0187996
 -430.3  0.0177996
 -430.2  0.0179996
 -430.1  0.0197996
 -430  0.0181996
 -429.9  0.0197996
 -429.8  0.0191996
 -429.7  0.0175996
 -429.6  0.0165997
 -429.5  0.0175996
 -429.4  0.0183996
 -429.3  0.0167997
 -429.2  0.0167997
 -429.1  0.0179996
 -429  0.0151997
 -428.9  0.0189996
 -428.8  0.0183996
 -428.7  0.0165997
 -428.6  0.0171997
 -428.5  0.0195996
 -428.4  0.0179996
 -428.3  0.0197996
 -428.2  0.0185996
 -428.1  0.0147997
 -428  0.0153997
 -427.9  0.0189996
 -427.8  0.0165997
 -427.7  0.0213996
 -427.6  0.0181996
 -427.5  0.0197996
 -427.4  0.0209996
 -427.3  0.0141997
 -427.2  0.0167997
 -427.1  0.0173997
 -427  0.0197996
 -426.9  0.0163997
 -426.8  0.0181996
 -426.7  0.0161997
 -426.6  0.0209996
 -426.5  0.0161997
 -426.4  0.0143997
 -426.3  0.0235995
 -426.2  0.0169997
 -426.1  0.0171997
 -426  0.0169997
 -425.9  0.0153997
 -425.8  0.0189996
 -425.7  0.0211996
 -425.6  0.0199996
 -425.5  0.0193996
 -425.4  0.0193996
 -425.3  0.0201996
 -425.2  0.0179996
 -425.1  0.0169997
 -425  0.0179996
 -424.9  0.0161997
 -424.8  0.0165997
 -424.7  0.0161997
 -424.6  0.0163997
 -424.5  0.0173997
 -424.4  0.0187996
 -424.3  0.0185996
 -424.2  0.0155997
 -424.1  0.0171997
 -424  0.0203996
 -423.9  0.0193996
 -423.8  0.0171997
 -423.7  0.0161997
 -423.6  0.0175996
 -423.5  0.0187996
 -423.4  0.0185996
 -423.3  0.0175996
 -423.2  0.0181996
 -423.1  0.0203996
 -423  0.0183996
 -422.9  0.0147997
 -422.8  0.0169997
 -422.7  0.0183996
 -422.6  0.0169997
 -422.5  0.0165997
 -422.4  0.0191996
 -422.3  0.0225995
 -422.2  0.0179996
 -422.1  0.0165997
 -422  0.0205996
 -421.9  0.0221996
 -421.8  0.0183996
 -421.7  0.0135997
 -421.6  0.0161997
 -421.5  0.0163997
 -421.4  0.0183996
 -421.3  0.0179996
 -421.2  0.0181996
 -421.1  0.0179996
 -421  0.0179996
 -420.9  0.0167997
 -420.8  0.0155997
 -420.7  0.0209996
 -420.6  0.0195996
 -420.5  0.0173997
 -420.4  0.0187996
 -420.3  0.0165997
 -420.2  0.0181996
 -420.1  0.0163997
 -420  0.0167997
 -419.9  0.0163997
 -419.8  0.0191996
 -419.7  0.0181996
 -419.6  0.0207996
 -419.5  0.0197996
 -419.4  0.0161997
 -419.3  0.0173997
 -419.2  0.0177996
 -419.1  0.0191996
 -419  0.0173997
 -418.9  0.0195996
 -418.8  0.0125997
 -418.7  0.0167997
 -418.6  0.0183996
 -418.5  0.0155997
 -418.4  0.0161997
 -418.3  0.0167997
 -418.2  0.0145997
 -418.1  0.0167997
 -418  0.0191996
 -417.9  0.0165997
 -417.8  0.0157997
 -417.7  0.0179996
 -417.6  0.0149997
 -417.5  0.0161997
 -417.4  0.0167997
 -417.3  0.0185996
 -417.2  0.0145997
 -417.1  0.0175996
 -417  0.0169997
 -416.9  0.0171997
 -416.8  0.0187996
 -416.7  0.0163997
 -416.6  0.0163997
 -416.5  0.0167997
 -416.4  0.0161997
 -416.3  0.0143997
 -416.2  0.0181996
 -416.1  0.0161997
 -416  0.0163997
 -415.9  0.0139997
 -415.8  0.0165997
 -415.7  0.0161997
 -415.6  0.0177996
 -415.5  0.0169997
 -415.4  0.0167997
 -415.3  0.0179996
 -415.2  0.0153997
 -415.1  0.0157997
 -415  0.0177996
 -414.9  0.0163997
 -414.8  0.0173997
 -414.7  0.0161997
 -414.6  0.0173997
 -414.5  0.0157997
 -414.4  0.0179996
 -414.3  0.0171997
 -414.2  0.0161997
 -414.1  0.0149997
 -414  0.0135997
 -413.9  0.0185996
 -413.8  0.0145997
 -413.7  0.0143997
 -413.6  0.0199996
 -413.5  0.0189996
 -413.4  0.0139997
 -413.3  0.0179996
 -413.2  0.0191996
 -413.1  0.0151997
 -413  0.0181996
 -412.9  0.0147997
 -412.8  0.0135997
 -412.7  0.0147997
 -412.6  0.0139997
 -412.5  0.0187996
 -412.4  0.0177996
 -412.3  0.0151997
 -412.2  0.0167997
 -412.1  0.0143997
 -412  0.0133997
 -411.9  0.0155997
 -411.8  0.0139997
 -411.7  0.0133997
 -411.6  0.0177996
 -411.5  0.0167997
 -411.4  0.0157997
 -411.3  0.0175996
 -411.2  0.0151997
 -411.1  0.0137997
 -411  0.0117998
 -410.9  0.0181996
 -410.8  0.0151997
 -410.7  0.0149997
 -410.6  0.0153997
 -410.5  0.0135997
 -410.4  0.0149997
 -410.3  0.0163997
 -410.2  0.0163997
 -410.1  0.0149997
 -410  0.0163997
 -409.9  0.0163997
 -409.8  0.0181996
 -409.7  0.0137997
 -409.6  0.0147997
 -409.5  0.0129997
 -409.4  0.0133997
 -409.3  0.0133997
 -409.2  0.0139997
 -409.1  0.0131997
 -409  0.0155997
 -408.9  0.0115998
 -408.8  0.0147997
 -408.7  0.0129997
 -408.6  0.0167997
 -408.5  0.0127997
 -408.4  0.0147997
 -408.3  0.0107998
 -408.2  0.0139997
 -408.1  0.0165997
 -408  0.0151997
 -407.9  0.0129997
 -407.8  0.0125997
 -407.7  0.0169997
 -407.6  0.0155997
 -407.5  0.0157997
 -407.4  0.0115998
 -407.3  0.0131997
 -407.2  0.0141997
 -407.1  0.0121998
 -407  0.0145997
 -406.9  0.0133997
 -406.8  0.0105998
 -406.7  0.0147997
 -406.6  0.0099998
 -406.5  0.0115998
 -406.4  0.0145997
 -406.3  0.0129997
 -406.2  0.0147997
 -406.1  0.0127997
 -406  0.0121998
 -405.9  0.0103998
 -405.8  0.0115998
 -405.7  0.0143997
 -405.6  0.0121998
 -405.5  0.0131997
 -405.4  0.0125997
 -405.3  0.0101998
 -405.2  0.0111998
 -405.1  0.0111998
 -405  0.0139997
 -404.9  0.0125997
 -404.8  0.0103998
 -404.7  0.0117998
 -404.6  0.0133997
 -404.5  0.0119998
 -404.4  0.0137997
 -404.3  0.0121998
 -404.2  0.0109998
 -404.1  0.0139997
 -404  0.0133997
 -403.9  0.00899982
 -403.8  0.0125997
 -403.7  0.0119998
 -403.6  0.0113998
 -403.5  0.00879982
 -403.4  0.0113998
 -403.3  0.0097998
 -403.2  0.00939981
 -403.1  0.0131997
 -403  0.0109998
 -402.9  0.0105998
 -402.8  0.0105998
 -402.7  0.0121998
 -402.6  0.0117998
 -402.5  0.0117998
 -402.4  0.00939981
 -402.3  0.0105998
 -402.2  0.0103998
 -402.1  0.0127997
 -402  0.0099998
 -401.9  0.00939981
 -401.8  0.0099998
 -401.7  0.00959981
 -401.6  0.0103998
 -401.5  0.0111998
 -401.4  0.0105998
 -401.3  0.0101998
 -401.2  0.00939981
 -401.1  0.0117998
 -401  0.00819984
 -400.9  0.0103998
 -400.8  0.0111998
 -400.7  0.0117998
 -400.6  0.0105998
 -400.5  0.00959981
 -400.4  0.0105998
 -400.3  0.0099998
 -400.2  0.0117998
 -400.1  0.0103998
 -400  0.00899982
 -399.9  0.0097998
 -399.8  0.0109998
 -399.7  0.0097998
 -399.6  0.0103998
 -399.5  0.00779984
 -399.4  0.0121998
 -399.3  0.00879982
 -399.2  0.00779984
 -399.1  0.0115998
 -399  0.0105998
 -398.9  0.00939981
 -398.8  0.00659987
 -398.7  0.0113998
 -398.6  0.00839983
 -398.5  0.00859983
 -398.4  0.00699986
 -398.3  0.00859983
 -398.2  0.00879982
 -398.1  0.0109998
 -398  0.0105998
 -397.9  0.00799984
 -397.8  0.00899982
 -397.7  0.0097998
 -397.6  0.00939981
 -397.5  0.00719986
 -397.4  0.00899982
 -397.3  0.00919982
 -397.2  0.00719986
 -397.1  0.00819984
 -397  0.00879982
 -396.9  0.0101998
 -396.8  0.00939981
 -396.7  0.00799984
 -396.6  0.0105998
 -396.5  0.00739985
 -396.4  0.00739985
 -396.3  0.00759985
 -396.2  0.00719986
 -396.1  0.00779984
 -396  0.00939981
 -395.9  0.00799984
 -395.8  0.00779984
 -395.7  0.00899982
 -395.6  0.00659987
 -395.5  0.00779984
 -395.4  0.00779984
 -395.3  0.00859983
 -395.2  0.00659987
 -395.1  0.00819984
 -395  0.00939981
 -394.9  0.00719986
 -394.8  0.00899982
 -394.7  0.00879982
 -394.6  0.00719986
 -394.5  0.00839983
 -394.4  0.00719986
 -394.3  0.00679986
 -394.2  0.00739985
 -394.1  0.00679986
 -394  0.00619988
 -393.9  0.0051999
 -393.8  0.00759985
 -393.7  0.00639987
 -393.6  0.00919982
 -393.5  0.00839983
 -393.4  0.00679986
 -393.3  0.0049999
 -393.2  0.0047999
 -393.1  0.00699986
 -393  0.00799984
 -392.9  0.00699986
 -392.8  0.00459991
 -392.7  0.00759985
 -392.6  0.0051999
 -392.5  0.00939981
 -392.4  0.00599988
 -392.3  0.00579988
 -392.2  0.00699986
 -392.1  0.00459991
 -392  0.0047999
 -391.9  0.00759985
 -391.8  0.00679986
 -391.7  0.00739985
 -391.6  0.00579988
 -391.5  0.00559989
 -391.4  0.00879982
 -391.3  0.00619988
 -391.2  0.0051999
 -391.1  0.00639987
 -391  0.00359993
 -390.9  0.00659987
 -390.8  0.00639987
 -390.7  0.00679986
 -390.6  0.0049999
 -390.5  0.0049999
 -390.4  0.00579988
 -390.3  0.00679986
 -390.2  0.00559989
 -390.1  0.00539989
 -390  0.0049999
 -389.9  0.00439991
 -389.8  0.00539989
 -389.7  0.00599988
 -389.6  0.00719986
 -389.5  0.00579988
 -389.4  0.00799984
 -389.3  0.00619988
 -389.2  0.00679986
 -389.1  0.00619988
 -389  0.00459991
 -388.9  0.00599988
 -388.8  0.00419992
 -388.7  0.00599988
 -388.6  0.0047999
 -388.5  0.00579988
 -388.4  0.00559989
 -388.3  0.00459991
 -388.2  0.0049999
 -388.1  0.0047999
 -388  0.00379992
 -387.9  0.00559989
 -387.8  0.00179996
 -387.7  0.00439991
 -387.6  0.00319994
 -387.5  0.00539989
 -387.4  0.0049999
 -387.3  0.0049999
 -387.2  0.00379992
 -387.1  0.00279994
 -387  0.00419992
 -386.9  0.00359993
 -386.8  0.0047999
 -386.7  0.00359993
 -386.6  0.00279994
 -386.5  0.0051999
 -386.4  0.00399992
 -386.3  0.00399992
 -386.2  0.0051999
 -386.1  0.00419992
 -386  0.00339993
 -385.9  0.00679986
 -385.8  0.00399992
 -385.7  0.0047999
 -385.6  0.00539989
 -385.5  0.00219996
 -385.4  0.00459991
 -385.3  0.00319994
 -385.2  0.00559989
 -385.1  0.00359993
 -385  0.00539989
 -384.9  0.00299994
 -384.8  0.00579988
 -384.7  0.00439991
 -384.6  0.00299994
 -384.5  0.00339993
 -384.4  0.00219996
 -384.3  0.00319994
 -384.2  0.00239995
 -384.1  0.00319994
 -384  0.00339993
 -383.9  0.00419992
 -383.8  0.00279994
 -383.7  0.00379992
 -383.6  0.00319994
 -383.5  0.00299994
 -383.4  0.00259995
 -383.3  0.00419992
 -383.2  0.00359993
 -383.1  0.00359993
 -383  0.00379992
 -382.9  0.00379992
 -382.8  0.00399992
 -382.7  0.00239995
 -382.6  0.00459991
 -382.5  0.00299994
 -382.4  0.00379992
 -382.3  0.00299994
 -382.2  0.00359993
 -382.1  0.00299994
 -382  0.00359993
 -381.9  0.00239995
 -381.8  0.00179996
 -381.7  0.00359993
 -381.6  0.00299994
 -381.5  0.00379992
 -381.4  0.00279994
 -381.3  0.00339993
 -381.2  0.00179996
 -381.1  0.00359993
 -381  0.00259995
 -380.9  0.00239995
 -380.8  0.00459991
 -380.7  0.00359993
 -380.6  0.00239995
 -380.5  0.00219996
 -380.4  0.00459991
 -380.3  0.00319994
 -380.2  0.00339993
 -380.1  0.00319994
 -380  0.00159997
 -379.9  0.00179996
 -379.8  0.00179996
 -379.7  0.00259995
 -379.6  0.00239995
 -379.5  0.00299994
 -379.4  0.00159997
 -379.3  0.00179996
 -379.2  0.00259995
 -379.1  0.00199996
 -379  0.00139997
 -378.9  0.00179996
 -378.8  0.00119998
 -378.7  0.00239995
 -378.6  0.00299994
 -378.5  0.00119998
 -378.4  0.00359993
 -378.3  0.00279994
 -378.2  0.00259995
 -378.1  0.00119998
 -378  0.00179996
 -377.9  0.00239995
 -377.8  0.00199996
 -377.7  0.00259995
 -377.6  0.00159997
 -377.5  0.00359993
 -377.4  0.00199996
 -377.3  0.000199996
 -377.2  0.00139997
 -377.1  0.00259995
 -377  0.00199996
 -376.9  0.00139997
 -376.8  0.00199996
 -376.7  0.00379992
 -376.6  0.00219996
 -376.5  0.000799984
 -376.4  0.00199996
 -376.3  0.000599988
 -376.2  0.00259995
 -376.1  0.00179996
 -376  0.00239995
 -375.9  0.00159997
 -375.8  0.00179996
 -375.7  0.00139997
 -375.6  0.00159997
 -375.5  0.00199996
 -375.4  0.00159997
 -375.3  0.00159997
 -375.2  0.00119998
 -375.1  0.00119998
 -375  0.00159997
 -374.9  0.00159997
 -374.8  0.00119998
 -374.7  0.00159997
 -374.6  0.00099998
 -374.5  0.00279994
 -374.4  0.00139997
 -374.3  0.000599988
 -374.2  0.00219996
 -374.1  0.00159997
 -374  0.00219996
 -373.9  0.00139997
 -373.8  0.00179996
 -373.7  0.00259995
 -373.6  0.00279994
 -373.5  0.00139997
 -373.4  0.00279994
 -373.3  0.00119998
 -373.2  0.00099998
 -373.1  0.00279994
 -373  0.00119998
 -372.9  0.00159997
 -372.8  0.00179996
 -372.7  0.00199996
 -372.6  0.00179996
 -372.5  0.00219996
 -372.4  0.00119998
 -372.3  0.00239995
 -372.2  0.00099998
 -372.1  0.00099998
 -372  0.000799984
 -371.9  0.00179996
 -371.8  0.00159997
 -371.7  0.000799984
 -371.6  0.00119998
 -371.5  0.000799984
 -371.4  0.00119998
 -371.3  0.00119998
 -371.2  0.00159997
 -371.1  0.00139997
 -371  0.00219996
 -370.9  0.00199996
 -370.8  0.00179996
 -370.7  0.000399992
 -370.6  0.00159997
 -370.5  0.00159997
 -370.4  0.000799984
 -370.3  0.00119998
 -370.2  0.000799984
 -370.1  0.00099998
 -370  0.000799984
 -369.9  0.000799984
 -369.8  0.00139997
 -369.7  0.00119998
 -369.6  0.00099998
 -369.5  0.000799984
 -369.4  0.00099998
 -369.3  0.000599988
 -369.2  0.00199996
 -369.1  0.000799984
 -369  0.000599988
 -368.9  0.000799984
 -368.8  0.000799984
 -368.7  0.000799984
 -368.6  0.000599988
 -368.5  0.000799984
 -368.4  0.00119998
 -368.3  0.000599988
 -368.2  0.00139997
 -368.1  0.00179996
 -368  0.000599988
 -367.9  0.000799984
 -367.8  0.000599988
 -367.7  0.000799984
 -367.6  0.00159997
 -367.5  0.000399992
 -367.4  0.00159997
 -367.3  0.000799984
 -367.2  0.000599988
 -367.1  0.000799984
 -367  0.00119998
 -366.9  0.000199996
 -366.8  0.00119998
 -366.7  0.000399992
 -366.6  0.000599988
 -366.5  0.000399992
 -366.4  0.000599988
 -366.3  0.00099998
 -366.2  0.000199996
 -366.1  0.00099998
 -366  0.00199996
 -365.9  0.000799984
 -365.8  0.00119998
 -365.7  0.000599988
 -365.6  0.00099998
 -365.5  0.000799984
 -365.4  0.000599988
 -365.3  0.000599988
 -365.2  0.00139997
 -365.1  0.00099998
 -365  0.000599988
 -364.9  0.000399992
 -364.8  0.000599988
 -364.7  0.000599988
 -364.6  0.000599988
 -364.5  0.000599988
 -364.4  0.000599988
 -364.3  0
 -364.2  0
 -364.1  0.000599988
 -364  0.000399992
 -363.9  0.000399992
 -363.8  0.000399992
 -363.7  0.000399992
 -363.6  0.000399992
 -363.5  0.000399992
 -363.4  0.000599988
 -363.3  0.00099998
 -363.2  0.000199996
 -363.1  0.000199996
 -363  0.000599988
 -362.9  0.000799984
 -362.8  0.00099998
 -362.7  0.000599988
 -362.6  0.000399992
 -362.5  0
 -362.4  0
 -362.3  0
 -362.2  0.00099998
 -362.1  0.000799984
 -362  0.000599988
 -361.9  0.00139997
 -361.8  0.000799984
 -361.7  0.000599988
 -361.6  0.000399992
 -361.5  0.000599988
 -361.4  0.000399992
 -361.3  0.000399992
 -361.2  0.000399992
 -361.1  0.000599988
 -361  0.000199996
 -360.9  0
 -360.8  0
 -360.7  0.000199996
 -360.6  0.00119998
 -360.5  0.000799984
 -360.4  0.000399992
 -360.3  0.000399992
 -360.2  0
 -360.1  0.000199996
 -360  0.000199996
 -359.9  0
 -359.8  0.000199996
 -359.7  0.000199996
 -359.6  0.000199996
 -359.5  0.000399992
 -359.4  0.000799984
 -359.3  0.000199996
 -359.2  0.000599988
 -359.1  0.000799984
 -359  0.000199996
 -358.9  0.000399992
 -358.8  0.000599988
 -358.7  0.000199996
 -358.6  0.000199996
 -358.5  0.000199996
 -358.4  0.000599988
 -358.3  0.000199996
 -358.2  0.000199996
 -358.1  0
 -358  0
 -357.9  0.000399992
 -357.8  0
 -357.7  0.000399992
 -357.6  0.000399992
 -357.5  0.000199996
 -357.4  0.000599988
 -357.3  0
 -357.2  0.000199996
 -357.1  0
 -357  0.000199996
 -356.9  0.000199996
 -356.8  0.000199996
 -356.7  0.000199996
 -356.6  0.000199996
 -356.5  0.000199996
 -356.4  0.000599988
 -356.3  0.000599988
 -356.2  0.000199996
 -356.1  0.000199996
 -356  0.000399992
 -355.9  0
 -355.8  0.000199996
 -355.7  0.000199996
 -355.6  0.000399992
 -355.5  0
 -355.4  0.000399992
 -355.3  0.000399992
 -355.2  0.000199996
 -355.1  0
 -355  0
 -354.9  0.000199996
 -354.8  0
 -354.7  0.000199996
 -354.6  0.000599988
 -354.5  0.000199996
 -354.4  0.000199996
 -354.3  0.000199996
 -354.2  0.000199996
 -354.1  0.000399992
 -354  0.000199996
 -353.9  0
 -353.8  0.000399992
 -353.7  0.000199996
 -353.6  0.000399992
 -353.5  0.000599988
 -353.4  0
 -353.3  0.000199996
 -353.2  0.000199996
 -353.1  0.000199996
 -353  0
 -352.9  0.000199996
 -352.8  0.000199996
 -352.7  0
 -352.6  0.000399992
 -352.5  0.000199996
 -352.4  0.000399992
 -352.3  0.000199996
 -352.2  0.000399992
 -352.1  0.000199996
 -352  0.000199996
 -351.9  0.000399992
 -351.8  0.000199996
 -351.7  0
 -351.6  0.000199996
 -351.5  0.000599988
 -351.4  0
 -351.3  0
 -351.2  0
 -351.1  0
 -351  0
 -350.9  0.000199996
 -350.8  0
 -350.7  0.000199996
 -350.6  0.000199996
 -350.5  0
 -350.4  0.000199996
 -350.3  0.000399992
 -350.2  0.000199996
 -350.1  0
 -350  0
 -349.9  0.000199996
 -349.8  0.000199996
 -349.7  0
 -349.6  0.000199996
 -349.5  0
 -349.4  0
 -349.3  0
 -349.2  0
 -349.1  0.000399992
 -349  0.000199996
 -348.9  0.000199996
 -348.8  0
 -348.7  0
 -348.6  0
 -348.5  0
 -348.4  0
 -348.3  0
 -348.2  0.000399992
 -348.1  0.000199996
 -348  0.000199996
 -347.9  0.000199996
 -347.8  0.000199996
 -347.7  0
 -347.6  0
 -347.5  0
 -347.4  0.000199996
 -347.3  0.000199996
 -347.2  0
 -347.1  0.000399992
 -347  0
 -346.9  0
 -346.8  0
 -346.7  0.000199996
 -346.6  0.000399992
 -346.5  0.000199996
 -346.4  0
 -346.3  0
 -346.2  0
 -346.1  0.000199996
 -346  0
 -345.9  0
 -345.8  0
 -345.7  0.000199996
 -345.6  0
 -345.5  0
 -345.4  0.000199996
 -345.3  0
 -345.2  0
 -345.1  0
 -345  0
 -344.9  0.000199996
 -344.8  0
 -344.7  0.000199996
 -344.6  0
 -344.5  0.000199996
 -344.4  0
 -344.3  0
 -344.2  0
 -344.1  0
 -344  0
 -343.9  0.000199996
 -343.8  0
 -343.7  0
 -343.6  0
 -343.5  0.000199996
 -343.4  0
 -343.3  0.000399992
 -343.2  0.000199996
 -343.1  0
 -343  0
 -342.9  0
 -342.8  0
 -342.7  0
 -342.6  0
 -342.5  0
 -342.4  0
 -342.3  0
 -342.2  0
 -342.1  0
 -342  0
 -341.9  0
 -341.8  0
 -341.7  0.000199996
 -341.6  0
 -341.5  0
 -341.4  0
 -341.3  0.000199996
 -341.2  0
 -341.1  0
 -341  0
 -340.9  0.000399992
 -340.8  0
 -340.7  0
 -340.6  0
 -340.5  0
 -340.4  0
 -340.3  0
 -340.2  0
 -340.1  0
 -340  0
 -339.9  0
 -339.8  0
 -339.7  0
 -339.6  0
 -339.5  0
 -339.4  0
 -339.3  0
 -339.2  0.000199996
 -339.1  0
 -339  0
 -338.9  0
 -338.8  0
 -338.7  0
 -338.6  0
 -338.5  0
 -338.4  0
 -338.3  0
 -338.2  0
 -338.1  0
 -338  0
 -337.9  0
 -337.8  0
 -337.7  0
 -337.6  0
 -337.5  0
 -337.4  0
 -337.3  0
 -337.2  0
 -337.1  0
 -337  0
 -336.9  0
 -336.8  0
 -336.7  0.000199996
 -336.6  0
 -336.5  0
 -336.4  0
 -336.3  0
 -336.2  0
 -336.1  0
 -336  0
 -335.9  0
 -335.8  0
 -335.7  0
 -335.6  0
 -335.5  0
 -335.4  0
 -335.3  0.000199996
 -335.2  0
 -335.1  0
 -335  0
 -334.9  0
 -334.8  0
 -334.7  0
 -334.6  0
 -334.5  0
 -334.4  0
 -334.3  0
 -334.2  0
 -334.1  0
 -334  0
 -333.9  0
 -333.8  0
 -333.7  0
 -333.6  0.000199996
 -333.5  0
 -333.4  0
 -333.3  0
 -333.2  0
 -333.1  0
 -333  0
 -332.9  0
 -332.8  0
 -332.7  0
 -332.6  0
 -332.5  0
 -332.4  0
 -332.3  0
 -332.2  0
 -332.1  0
 -332  0
 -331.9  0
 -331.8  0
 -331.7  0
 -331.6  0
 -331.5  0
 -331.4  0
 -331.3  0
 -331.2  0
 -331.1  0
 -331  0
 -330.9  0
 -330.8  0
 -330.7  0
 -330.6  0
 -330.5  0
 -330.4  0
 -330.3  0
 -330.2  0
 -330.1  0
 -330  0
 -329.9  0
 -329.8  0
 -329.7  0
 -329.6  0
 -329.5  0
 -329.4  0
 -329.3  0
 -329.2  0
 -329.1  0
 -329  0
 -328.9  0
 -328.8  0
 -328.7  0
 -328.6  0
 -328.5  0
 -328.4  0
 -328.3  0
 -328.2  0
 -328.1  0
 -328  0.000199996
 -327.9  0
