 -778.6  0
 -778.5  0.000199996
 -778.4  0
 -778.3  0
 -778.2  0
 -778.1  0
 -778  0
 -777.9  0
 -777.8  0
 -777.7  0
 -777.6  0
 -777.5  0
 -777.4  0
 -777.3  0
 -777.2  0
 -777.1  0
 -777  0
 -776.9  0
 -776.8  0
 -776.7  0
 -776.6  0
 -776.5  0
 -776.4  0
 -776.3  0
 -776.2  0
 -776.1  0
 -776  0
 -775.9  0
 -775.8  0
 -775.7  0
 -775.6  0
 -775.5  0
 -775.4  0
 -775.3  0
 -775.2  0
 -775.1  0
 -775  0
 -774.9  0
 -774.8  0
 -774.7  0
 -774.6  0
 -774.5  0
 -774.4  0
 -774.3  0
 -774.2  0
 -774.1  0
 -774  0
 -773.9  0
 -773.8  0
 -773.7  0
 -773.6  0
 -773.5  0
 -773.4  0
 -773.3  0
 -773.2  0
 -773.1  0
 -773  0
 -772.9  0
 -772.8  0
 -772.7  0
 -772.6  0
 -772.5  0
 -772.4  0
 -772.3  0
 -772.2  0
 -772.1  0
 -772  0
 -771.9  0
 -771.8  0
 -771.7  0
 -771.6  0
 -771.5  0
 -771.4  0
 -771.3  0
 -771.2  0
 -771.1  0
 -771  0
 -770.9  0
 -770.8  0
 -770.7  0
 -770.6  0
 -770.5  0
 -770.4  0
 -770.3  0
 -770.2  0
 -770.1  0
 -770  0
 -769.9  0
 -769.8  0
 -769.7  0
 -769.6  0
 -769.5  0
 -769.4  0
 -769.3  0.000199996
 -769.2  0
 -769.1  0
 -769  0
 -768.9  0
 -768.8  0
 -768.7  0
 -768.6  0
 -768.5  0
 -768.4  0
 -768.3  0
 -768.2  0
 -768.1  0
 -768  0
 -767.9  0
 -767.8  0
 -767.7  0
 -767.6  0
 -767.5  0
 -767.4  0
 -767.3  0
 -767.2  0
 -767.1  0
 -767  0
 -766.9  0
 -766.8  0
 -766.7  0
 -766.6  0
 -766.5  0
 -766.4  0
 -766.3  0
 -766.2  0
 -766.1  0
 -766  0
 -765.9  0
 -765.8  0
 -765.7  0
 -765.6  0
 -765.5  0
 -765.4  0
 -765.3  0
 -765.2  0
 -765.1  0
 -765  0
 -764.9  0
 -764.8  0
 -764.7  0
 -764.6  0
 -764.5  0
 -764.4  0
 -764.3  0
 -764.2  0
 -764.1  0
 -764  0
 -763.9  0
 -763.8  0
 -763.7  0
 -763.6  0
 -763.5  0
 -763.4  0
 -763.3  0
 -763.2  0
 -763.1  0
 -763  0
 -762.9  0
 -762.8  0
 -762.7  0
 -762.6  0
 -762.5  0
 -762.4  0
 -762.3  0
 -762.2  0
 -762.1  0
 -762  0
 -761.9  0
 -761.8  0
 -761.7  0
 -761.6  0
 -761.5  0
 -761.4  0
 -761.3  0
 -761.2  0
 -761.1  0
 -761  0
 -760.9  0
 -760.8  0
 -760.7  0
 -760.6  0
 -760.5  0
 -760.4  0
 -760.3  0
 -760.2  0
 -760.1  0
 -760  0
 -759.9  0
 -759.8  0
 -759.7  0
 -759.6  0
 -759.5  0
 -759.4  0
 -759.3  0
 -759.2  0
 -759.1  0
 -759  0
 -758.9  0
 -758.8  0
 -758.7  0
 -758.6  0
 -758.5  0
 -758.4  0
 -758.3  0
 -758.2  0
 -758.1  0
 -758  0
 -757.9  0
 -757.8  0
 -757.7  0
 -757.6  0
 -757.5  0
 -757.4  0
 -757.3  0
 -757.2  0
 -757.1  0
 -757  0
 -756.9  0
 -756.8  0
 -756.7  0
 -756.6  0
 -756.5  0
 -756.4  0
 -756.3  0
 -756.2  0
 -756.1  0
 -756  0
 -755.9  0
 -755.8  0
 -755.7  0
 -755.6  0
 -755.5  0
 -755.4  0
 -755.3  0
 -755.2  0
 -755.1  0
 -755  0
 -754.9  0
 -754.8  0
 -754.7  0
 -754.6  0
 -754.5  0
 -754.4  0
 -754.3  0
 -754.2  0
 -754.1  0
 -754  0
 -753.9  0
 -753.8  0
 -753.7  0
 -753.6  0
 -753.5  0
 -753.4  0
 -753.3  0
 -753.2  0
 -753.1  0
 -753  0
 -752.9  0
 -752.8  0
 -752.7  0
 -752.6  0
 -752.5  0
 -752.4  0
 -752.3  0
 -752.2  0
 -752.1  0
 -752  0
 -751.9  0
 -751.8  0
 -751.7  0
 -751.6  0
 -751.5  0
 -751.4  0
 -751.3  0
 -751.2  0
 -751.1  0
 -751  0
 -750.9  0
 -750.8  0
 -750.7  0
 -750.6  0
 -750.5  0
 -750.4  0
 -750.3  0
 -750.2  0
 -750.1  0
 -750  0
 -749.9  0
 -749.8  0
 -749.7  0
 -749.6  0
 -749.5  0
 -749.4  0
 -749.3  0
 -749.2  0
 -749.1  0
 -749  0
 -748.9  0
 -748.8  0
 -748.7  0
 -748.6  0
 -748.5  0
 -748.4  0
 -748.3  0
 -748.2  0
 -748.1  0
 -748  0
 -747.9  0
 -747.8  0
 -747.7  0
 -747.6  0
 -747.5  0
 -747.4  0
 -747.3  0
 -747.2  0
 -747.1  0
 -747  0
 -746.9  0
 -746.8  0
 -746.7  0
 -746.6  0
 -746.5  0
 -746.4  0
 -746.3  0
 -746.2  0
 -746.1  0
 -746  0
 -745.9  0
 -745.8  0
 -745.7  0
 -745.6  0
 -745.5  0
 -745.4  0
 -745.3  0.000199996
 -745.2  0
 -745.1  0
 -745  0
 -744.9  0
 -744.8  0
 -744.7  0
 -744.6  0
 -744.5  0
 -744.4  0
 -744.3  0
 -744.2  0
 -744.1  0
 -744  0
 -743.9  0
 -743.8  0
 -743.7  0
 -743.6  0
 -743.5  0
 -743.4  0
 -743.3  0
 -743.2  0
 -743.1  0
 -743  0
 -742.9  0
 -742.8  0
 -742.7  0
 -742.6  0
 -742.5  0
 -742.4  0
 -742.3  0
 -742.2  0
 -742.1  0
 -742  0
 -741.9  0
 -741.8  0
 -741.7  0
 -741.6  0
 -741.5  0
 -741.4  0
 -741.3  0
 -741.2  0
 -741.1  0
 -741  0
 -740.9  0
 -740.8  0
 -740.7  0
 -740.6  0
 -740.5  0
 -740.4  0
 -740.3  0
 -740.2  0
 -740.1  0
 -740  0
 -739.9  0
 -739.8  0
 -739.7  0
 -739.6  0
 -739.5  0
 -739.4  0
 -739.3  0
 -739.2  0
 -739.1  0
 -739  0
 -738.9  0
 -738.8  0
 -738.7  0
 -738.6  0
 -738.5  0
 -738.4  0
 -738.3  0
 -738.2  0
 -738.1  0
 -738  0
 -737.9  0
 -737.8  0
 -737.7  0
 -737.6  0
 -737.5  0
 -737.4  0
 -737.3  0
 -737.2  0
 -737.1  0
 -737  0
 -736.9  0.000199996
 -736.8  0
 -736.7  0
 -736.6  0
 -736.5  0
 -736.4  0
 -736.3  0
 -736.2  0
 -736.1  0
 -736  0
 -735.9  0
 -735.8  0
 -735.7  0
 -735.6  0
 -735.5  0
 -735.4  0
 -735.3  0
 -735.2  0
 -735.1  0
 -735  0
 -734.9  0
 -734.8  0
 -734.7  0
 -734.6  0
 -734.5  0
 -734.4  0
 -734.3  0
 -734.2  0
 -734.1  0
 -734  0
 -733.9  0
 -733.8  0
 -733.7  0
 -733.6  0
 -733.5  0
 -733.4  0
 -733.3  0
 -733.2  0
 -733.1  0
 -733  0
 -732.9  0
 -732.8  0
 -732.7  0
 -732.6  0
 -732.5  0
 -732.4  0
 -732.3  0
 -732.2  0
 -732.1  0
 -732  0
 -731.9  0
 -731.8  0
 -731.7  0
 -731.6  0
 -731.5  0
 -731.4  0
 -731.3  0
 -731.2  0
 -731.1  0
 -731  0
 -730.9  0
 -730.8  0
 -730.7  0
 -730.6  0
 -730.5  0
 -730.4  0
 -730.3  0
 -730.2  0
 -730.1  0
 -730  0
 -729.9  0
 -729.8  0
 -729.7  0
 -729.6  0
 -729.5  0
 -729.4  0
 -729.3  0
 -729.2  0
 -729.1  0
 -729  0
 -728.9  0
 -728.8  0
 -728.7  0
 -728.6  0
 -728.5  0
 -728.4  0
 -728.3  0
 -728.2  0
 -728.1  0
 -728  0
 -727.9  0
 -727.8  0
 -727.7  0
 -727.6  0
 -727.5  0
 -727.4  0
 -727.3  0
 -727.2  0
 -727.1  0
 -727  0
 -726.9  0
 -726.8  0
 -726.7  0
 -726.6  0
 -726.5  0
 -726.4  0
 -726.3  0
 -726.2  0
 -726.1  0
 -726  0
 -725.9  0
 -725.8  0
 -725.7  0
 -725.6  0
 -725.5  0
 -725.4  0
 -725.3  0
 -725.2  0
 -725.1  0
 -725  0
 -724.9  0
 -724.8  0
 -724.7  0
 -724.6  0
 -724.5  0
 -724.4  0
 -724.3  0
 -724.2  0
 -724.1  0
 -724  0
 -723.9  0
 -723.8  0
 -723.7  0
 -723.6  0
 -723.5  0
 -723.4  0
 -723.3  0
 -723.2  0
 -723.1  0
 -723  0
 -722.9  0
 -722.8  0
 -722.7  0
 -722.6  0
 -722.5  0
 -722.4  0
 -722.3  0
 -722.2  0
 -722.1  0
 -722  0
 -721.9  0
 -721.8  0
 -721.7  0
 -721.6  0
 -721.5  0
 -721.4  0
 -721.3  0
 -721.2  0
 -721.1  0
 -721  0
 -720.9  0
 -720.8  0
 -720.7  0
 -720.6  0
 -720.5  0
 -720.4  0
 -720.3  0
 -720.2  0
 -720.1  0
 -720  0
 -719.9  0
 -719.8  0
 -719.7  0
 -719.6  0.000199996
 -719.5  0
 -719.4  0
 -719.3  0
 -719.2  0
 -719.1  0
 -719  0
 -718.9  0
 -718.8  0
 -718.7  0
 -718.6  0
 -718.5  0
 -718.4  0
 -718.3  0
 -718.2  0
 -718.1  0
 -718  0
 -717.9  0
 -717.8  0
 -717.7  0
 -717.6  0
 -717.5  0
 -717.4  0
 -717.3  0
 -717.2  0
 -717.1  0
 -717  0
 -716.9  0
 -716.8  0
 -716.7  0
 -716.6  0
 -716.5  0
 -716.4  0
 -716.3  0
 -716.2  0
 -716.1  0
 -716  0
 -715.9  0
 -715.8  0
 -715.7  0
 -715.6  0
 -715.5  0
 -715.4  0
 -715.3  0
 -715.2  0
 -715.1  0
 -715  0
 -714.9  0
 -714.8  0.000199996
 -714.7  0
 -714.6  0
 -714.5  0
 -714.4  0
 -714.3  0
 -714.2  0
 -714.1  0
 -714  0
 -713.9  0
 -713.8  0
 -713.7  0
 -713.6  0
 -713.5  0
 -713.4  0
 -713.3  0
 -713.2  0
 -713.1  0
 -713  0
 -712.9  0
 -712.8  0
 -712.7  0
 -712.6  0
 -712.5  0
 -712.4  0
 -712.3  0
 -712.2  0
 -712.1  0
 -712  0
 -711.9  0
 -711.8  0
 -711.7  0
 -711.6  0
 -711.5  0
 -711.4  0
 -711.3  0
 -711.2  0
 -711.1  0
 -711  0
 -710.9  0
 -710.8  0
 -710.7  0
 -710.6  0
 -710.5  0
 -710.4  0
 -710.3  0
 -710.2  0
 -710.1  0
 -710  0
 -709.9  0
 -709.8  0
 -709.7  0
 -709.6  0
 -709.5  0
 -709.4  0
 -709.3  0
 -709.2  0
 -709.1  0
 -709  0
 -708.9  0
 -708.8  0
 -708.7  0
 -708.6  0
 -708.5  0
 -708.4  0
 -708.3  0
 -708.2  0
 -708.1  0
 -708  0
 -707.9  0
 -707.8  0
 -707.7  0
 -707.6  0
 -707.5  0
 -707.4  0
 -707.3  0
 -707.2  0
 -707.1  0
 -707  0
 -706.9  0
 -706.8  0
 -706.7  0
 -706.6  0
 -706.5  0
 -706.4  0
 -706.3  0
 -706.2  0
 -706.1  0
 -706  0
 -705.9  0
 -705.8  0
 -705.7  0
 -705.6  0
 -705.5  0
 -705.4  0
 -705.3  0
 -705.2  0
 -705.1  0
 -705  0
 -704.9  0
 -704.8  0
 -704.7  0
 -704.6  0
 -704.5  0
 -704.4  0
 -704.3  0
 -704.2  0
 -704.1  0
 -704  0
 -703.9  0
 -703.8  0
 -703.7  0
 -703.6  0
 -703.5  0
 -703.4  0
 -703.3  0
 -703.2  0
 -703.1  0
 -703  0
 -702.9  0
 -702.8  0
 -702.7  0
 -702.6  0
 -702.5  0
 -702.4  0
 -702.3  0
 -702.2  0
 -702.1  0
 -702  0
 -701.9  0
 -701.8  0
 -701.7  0
 -701.6  0
 -701.5  0
 -701.4  0
 -701.3  0
 -701.2  0
 -701.1  0
 -701  0
 -700.9  0
 -700.8  0
 -700.7  0
 -700.6  0
 -700.5  0
 -700.4  0
 -700.3  0
 -700.2  0
 -700.1  0
 -700  0
 -699.9  0
 -699.8  0
 -699.7  0
 -699.6  0
 -699.5  0
 -699.4  0
 -699.3  0
 -699.2  0
 -699.1  0
 -699  0
 -698.9  0
 -698.8  0
 -698.7  0
 -698.6  0
 -698.5  0
 -698.4  0
 -698.3  0
 -698.2  0
 -698.1  0
 -698  0
 -697.9  0
 -697.8  0
 -697.7  0.000199996
 -697.6  0
 -697.5  0
 -697.4  0
 -697.3  0
 -697.2  0
 -697.1  0
 -697  0
 -696.9  0
 -696.8  0
 -696.7  0
 -696.6  0
 -696.5  0
 -696.4  0
 -696.3  0
 -696.2  0
 -696.1  0
 -696  0
 -695.9  0
 -695.8  0
 -695.7  0
 -695.6  0
 -695.5  0
 -695.4  0
 -695.3  0
 -695.2  0
 -695.1  0
 -695  0
 -694.9  0
 -694.8  0
 -694.7  0
 -694.6  0
 -694.5  0
 -694.4  0
 -694.3  0
 -694.2  0
 -694.1  0
 -694  0
 -693.9  0
 -693.8  0
 -693.7  0
 -693.6  0
 -693.5  0
 -693.4  0
 -693.3  0
 -693.2  0
 -693.1  0
 -693  0
 -692.9  0
 -692.8  0
 -692.7  0
 -692.6  0
 -692.5  0
 -692.4  0
 -692.3  0
 -692.2  0
 -692.1  0
 -692  0
 -691.9  0
 -691.8  0
 -691.7  0
 -691.6  0
 -691.5  0
 -691.4  0
 -691.3  0
 -691.2  0
 -691.1  0
 -691  0
 -690.9  0
 -690.8  0
 -690.7  0
 -690.6  0
 -690.5  0
 -690.4  0
 -690.3  0
 -690.2  0
 -690.1  0
 -690  0
 -689.9  0
 -689.8  0
 -689.7  0
 -689.6  0
 -689.5  0
 -689.4  0
 -689.3  0
 -689.2  0
 -689.1  0
 -689  0
 -688.9  0
 -688.8  0
 -688.7  0
 -688.6  0
 -688.5  0
 -688.4  0
 -688.3  0
 -688.2  0
 -688.1  0
 -688  0
 -687.9  0
 -687.8  0
 -687.7  0
 -687.6  0
 -687.5  0
 -687.4  0
 -687.3  0
 -687.2  0.000199996
 -687.1  0
 -687  0
 -686.9  0
 -686.8  0
 -686.7  0
 -686.6  0
 -686.5  0
 -686.4  0
 -686.3  0
 -686.2  0
 -686.1  0
 -686  0
 -685.9  0
 -685.8  0
 -685.7  0
 -685.6  0
 -685.5  0
 -685.4  0
 -685.3  0
 -685.2  0
 -685.1  0
 -685  0
 -684.9  0
 -684.8  0
 -684.7  0
 -684.6  0
 -684.5  0
 -684.4  0
 -684.3  0
 -684.2  0
 -684.1  0
 -684  0
 -683.9  0
 -683.8  0
 -683.7  0
 -683.6  0
 -683.5  0
 -683.4  0
 -683.3  0
 -683.2  0
 -683.1  0
 -683  0
 -682.9  0
 -682.8  0
 -682.7  0
 -682.6  0
 -682.5  0
 -682.4  0
 -682.3  0
 -682.2  0
 -682.1  0
 -682  0
 -681.9  0
 -681.8  0
 -681.7  0
 -681.6  0
 -681.5  0
 -681.4  0
 -681.3  0
 -681.2  0
 -681.1  0
 -681  0
 -680.9  0
 -680.8  0
 -680.7  0
 -680.6  0
 -680.5  0
 -680.4  0
 -680.3  0
 -680.2  0
 -680.1  0
 -680  0
 -679.9  0
 -679.8  0
 -679.7  0
 -679.6  0
 -679.5  0
 -679.4  0
 -679.3  0
 -679.2  0.000199996
 -679.1  0
 -679  0
 -678.9  0
 -678.8  0
 -678.7  0
 -678.6  0
 -678.5  0
 -678.4  0
 -678.3  0
 -678.2  0
 -678.1  0
 -678  0
 -677.9  0
 -677.8  0
 -677.7  0
 -677.6  0
 -677.5  0
 -677.4  0
 -677.3  0
 -677.2  0
 -677.1  0
 -677  0
 -676.9  0
 -676.8  0
 -676.7  0
 -676.6  0
 -676.5  0
 -676.4  0
 -676.3  0
 -676.2  0
 -676.1  0
 -676  0
 -675.9  0
 -675.8  0
 -675.7  0
 -675.6  0
 -675.5  0
 -675.4  0
 -675.3  0
 -675.2  0
 -675.1  0
 -675  0
 -674.9  0
 -674.8  0
 -674.7  0
 -674.6  0
 -674.5  0
 -674.4  0
 -674.3  0
 -674.2  0
 -674.1  0
 -674  0
 -673.9  0
 -673.8  0
 -673.7  0
 -673.6  0
 -673.5  0
 -673.4  0
 -673.3  0
 -673.2  0
 -673.1  0
 -673  0
 -672.9  0
 -672.8  0
 -672.7  0
 -672.6  0
 -672.5  0
 -672.4  0
 -672.3  0
 -672.2  0
 -672.1  0
 -672  0
 -671.9  0
 -671.8  0
 -671.7  0
 -671.6  0
 -671.5  0
 -671.4  0
 -671.3  0
 -671.2  0
 -671.1  0
 -671  0
 -670.9  0
 -670.8  0
 -670.7  0
 -670.6  0
 -670.5  0
 -670.4  0
 -670.3  0
 -670.2  0
 -670.1  0
 -670  0
 -669.9  0
 -669.8  0
 -669.7  0
 -669.6  0
 -669.5  0
 -669.4  0
 -669.3  0
 -669.2  0
 -669.1  0
 -669  0
 -668.9  0
 -668.8  0
 -668.7  0
 -668.6  0
 -668.5  0
 -668.4  0
 -668.3  0
 -668.2  0
 -668.1  0
 -668  0
 -667.9  0
 -667.8  0
 -667.7  0
 -667.6  0
 -667.5  0
 -667.4  0
 -667.3  0
 -667.2  0
 -667.1  0
 -667  0
 -666.9  0
 -666.8  0
 -666.7  0
 -666.6  0
 -666.5  0
 -666.4  0
 -666.3  0
 -666.2  0
 -666.1  0
 -666  0
 -665.9  0
 -665.8  0
 -665.7  0
 -665.6  0
 -665.5  0
 -665.4  0
 -665.3  0
 -665.2  0
 -665.1  0
 -665  0
 -664.9  0
 -664.8  0
 -664.7  0
 -664.6  0
 -664.5  0
 -664.4  0
 -664.3  0
 -664.2  0
 -664.1  0
 -664  0
 -663.9  0
 -663.8  0
 -663.7  0
 -663.6  0
 -663.5  0
 -663.4  0
 -663.3  0
 -663.2  0
 -663.1  0
 -663  0
 -662.9  0
 -662.8  0
 -662.7  0
 -662.6  0
 -662.5  0
 -662.4  0
 -662.3  0
 -662.2  0
 -662.1  0
 -662  0
 -661.9  0
 -661.8  0
 -661.7  0
 -661.6  0
 -661.5  0
 -661.4  0
 -661.3  0
 -661.2  0.000199996
 -661.1  0
 -661  0
 -660.9  0
 -660.8  0
 -660.7  0
 -660.6  0
 -660.5  0
 -660.4  0
 -660.3  0
 -660.2  0
 -660.1  0
 -660  0
 -659.9  0
 -659.8  0
 -659.7  0
 -659.6  0
 -659.5  0
 -659.4  0
 -659.3  0
 -659.2  0
 -659.1  0
 -659  0
 -658.9  0
 -658.8  0
 -658.7  0
 -658.6  0
 -658.5  0
 -658.4  0
 -658.3  0
 -658.2  0
 -658.1  0
 -658  0
 -657.9  0
 -657.8  0
 -657.7  0
 -657.6  0
 -657.5  0
 -657.4  0
 -657.3  0
 -657.2  0
 -657.1  0
 -657  0
 -656.9  0
 -656.8  0
 -656.7  0
 -656.6  0
 -656.5  0
 -656.4  0
 -656.3  0
 -656.2  0
 -656.1  0
 -656  0
 -655.9  0
 -655.8  0
 -655.7  0
 -655.6  0
 -655.5  0
 -655.4  0
 -655.3  0
 -655.2  0
 -655.1  0
 -655  0
 -654.9  0
 -654.8  0
 -654.7  0
 -654.6  0
 -654.5  0
 -654.4  0
 -654.3  0
 -654.2  0
 -654.1  0
 -654  0
 -653.9  0
 -653.8  0
 -653.7  0
 -653.6  0
 -653.5  0
 -653.4  0
 -653.3  0
 -653.2  0
 -653.1  0
 -653  0
 -652.9  0
 -652.8  0
 -652.7  0
 -652.6  0
 -652.5  0
 -652.4  0
 -652.3  0
 -652.2  0
 -652.1  0
 -652  0
 -651.9  0
 -651.8  0
 -651.7  0.000199996
 -651.6  0
 -651.5  0
 -651.4  0
 -651.3  0
 -651.2  0
 -651.1  0
 -651  0
 -650.9  0
 -650.8  0
 -650.7  0
 -650.6  0
 -650.5  0
 -650.4  0
 -650.3  0
 -650.2  0
 -650.1  0
 -650  0
 -649.9  0
 -649.8  0
 -649.7  0
 -649.6  0
 -649.5  0
 -649.4  0
 -649.3  0.000199996
 -649.2  0
 -649.1  0
 -649  0
 -648.9  0
 -648.8  0
 -648.7  0.000199996
 -648.6  0
 -648.5  0
 -648.4  0
 -648.3  0
 -648.2  0
 -648.1  0
 -648  0
 -647.9  0
 -647.8  0
 -647.7  0
 -647.6  0
 -647.5  0
 -647.4  0
 -647.3  0
 -647.2  0
 -647.1  0
 -647  0
 -646.9  0
 -646.8  0
 -646.7  0
 -646.6  0.000199996
 -646.5  0
 -646.4  0
 -646.3  0
 -646.2  0
 -646.1  0
 -646  0
 -645.9  0
 -645.8  0
 -645.7  0
 -645.6  0
 -645.5  0
 -645.4  0.000199996
 -645.3  0
 -645.2  0
 -645.1  0
 -645  0
 -644.9  0
 -644.8  0
 -644.7  0.000199996
 -644.6  0
 -644.5  0
 -644.4  0.000199996
 -644.3  0
 -644.2  0
 -644.1  0
 -644  0.000199996
 -643.9  0
 -643.8  0
 -643.7  0.000199996
 -643.6  0
 -643.5  0
 -643.4  0.000199996
 -643.3  0
 -643.2  0.000199996
 -643.1  0
 -643  0.000199996
 -642.9  0
 -642.8  0
 -642.7  0
 -642.6  0.000199996
 -642.5  0
 -642.4  0
 -642.3  0
 -642.2  0
 -642.1  0.000199996
 -642  0
 -641.9  0
 -641.8  0
 -641.7  0
 -641.6  0
 -641.5  0
 -641.4  0.000199996
 -641.3  0.000199996
 -641.2  0.000199996
 -641.1  0
 -641  0.000199996
 -640.9  0
 -640.8  0
 -640.7  0
 -640.6  0
 -640.5  0
 -640.4  0.000399992
 -640.3  0
 -640.2  0.000199996
 -640.1  0
 -640  0
 -639.9  0
 -639.8  0.000199996
 -639.7  0.000199996
 -639.6  0
 -639.5  0.000399992
 -639.4  0.000199996
 -639.3  0
 -639.2  0
 -639.1  0.000199996
 -639  0
 -638.9  0.000199996
 -638.8  0
 -638.7  0.000399992
 -638.6  0.00099998
 -638.5  0.000199996
 -638.4  0.000199996
 -638.3  0
 -638.2  0
 -638.1  0
 -638  0.000199996
 -637.9  0.000199996
 -637.8  0
 -637.7  0.000199996
 -637.6  0.000599988
 -637.5  0.000399992
 -637.4  0.000199996
 -637.3  0
 -637.2  0.000399992
 -637.1  0
 -637  0.000599988
 -636.9  0.000199996
 -636.8  0.000399992
 -636.7  0
 -636.6  0
 -636.5  0
 -636.4  0
 -636.3  0.000399992
 -636.2  0.000399992
 -636.1  0.000399992
 -636  0.000199996
 -635.9  0.000199996
 -635.8  0.000399992
 -635.7  0.000199996
 -635.6  0.000399992
 -635.5  0.000199996
 -635.4  0.000199996
 -635.3  0.000199996
 -635.2  0.000399992
 -635.1  0.000799984
 -635  0.000799984
 -634.9  0.00119998
 -634.8  0.000199996
 -634.7  0.00099998
 -634.6  0.000199996
 -634.5  0.000399992
 -634.4  0.000799984
 -634.3  0.000399992
 -634.2  0.000199996
 -634.1  0.000599988
 -634  0.000399992
 -633.9  0.00119998
 -633.8  0.000599988
 -633.7  0.00099998
 -633.6  0.000399992
 -633.5  0.000799984
 -633.4  0
 -633.3  0
 -633.2  0.000599988
 -633.1  0.00099998
 -633  0.00099998
 -632.9  0.000399992
 -632.8  0.000799984
 -632.7  0.000399992
 -632.6  0.000399992
 -632.5  0.00119998
 -632.4  0.000799984
 -632.3  0.00119998
 -632.2  0.000799984
 -632.1  0.000199996
 -632  0.00239995
 -631.9  0.000399992
 -631.8  0.00119998
 -631.7  0.00099998
 -631.6  0.00179996
 -631.5  0.000399992
 -631.4  0.000799984
 -631.3  0.000799984
 -631.2  0.00139997
 -631.1  0.00159997
 -631  0.00099998
 -630.9  0.00179996
 -630.8  0.000599988
 -630.7  0.00139997
 -630.6  0.00139997
 -630.5  0.000799984
 -630.4  0.000799984
 -630.3  0.00099998
 -630.2  0.00119998
 -630.1  0.00159997
 -630  0.00099998
 -629.9  0.00099998
 -629.8  0.000799984
 -629.7  0.000799984
 -629.6  0.000799984
 -629.5  0.00139997
 -629.4  0.00239995
 -629.3  0.00179996
 -629.2  0.00159997
 -629.1  0.00139997
 -629  0.00139997
 -628.9  0.00239995
 -628.8  0.00159997
 -628.7  0.00219996
 -628.6  0.00219996
 -628.5  0.00219996
 -628.4  0.00259995
 -628.3  0.00239995
 -628.2  0.00099998
 -628.1  0.00259995
 -628  0.00199996
 -627.9  0.00319994
 -627.8  0.00279994
 -627.7  0.00199996
 -627.6  0.00319994
 -627.5  0.00219996
 -627.4  0.00119998
 -627.3  0.00219996
 -627.2  0.000799984
 -627.1  0.00199996
 -627  0.00179996
 -626.9  0.00259995
 -626.8  0.00119998
 -626.7  0.00339993
 -626.6  0.00279994
 -626.5  0.00259995
 -626.4  0.00239995
 -626.3  0.00299994
 -626.2  0.00199996
 -626.1  0.00279994
 -626  0.00199996
 -625.9  0.00359993
 -625.8  0.00199996
 -625.7  0.00339993
 -625.6  0.00339993
 -625.5  0.00359993
 -625.4  0.00379992
 -625.3  0.00359993
 -625.2  0.00299994
 -625.1  0.00239995
 -625  0.00279994
 -624.9  0.00359993
 -624.8  0.00379992
 -624.7  0.00459991
 -624.6  0.00319994
 -624.5  0.00379992
 -624.4  0.00339993
 -624.3  0.00439991
 -624.2  0.00239995
 -624.1  0.00319994
 -624  0.00359993
 -623.9  0.00559989
 -623.8  0.00379992
 -623.7  0.00199996
 -623.6  0.00259995
 -623.5  0.00279994
 -623.4  0.00579988
 -623.3  0.00359993
 -623.2  0.00279994
 -623.1  0.00359993
 -623  0.00459991
 -622.9  0.00579988
 -622.8  0.00339993
 -622.7  0.0047999
 -622.6  0.00539989
 -622.5  0.00379992
 -622.4  0.00359993
 -622.3  0.00399992
 -622.2  0.0049999
 -622.1  0.00419992
 -622  0.00419992
 -621.9  0.00539989
 -621.8  0.00399992
 -621.7  0.00439991
 -621.6  0.0047999
 -621.5  0.0049999
 -621.4  0.00579988
 -621.3  0.0047999
 -621.2  0.0051999
 -621.1  0.00299994
 -621  0.00559989
 -620.9  0.0047999
 -620.8  0.00839983
 -620.7  0.0049999
 -620.6  0.00699986
 -620.5  0.00459991
 -620.4  0.00419992
 -620.3  0.00559989
 -620.2  0.00759985
 -620.1  0.00639987
 -620  0.00319994
 -619.9  0.00619988
 -619.8  0.00599988
 -619.7  0.00799984
 -619.6  0.0051999
 -619.5  0.00659987
 -619.4  0.00799984
 -619.3  0.00759985
 -619.2  0.00759985
 -619.1  0.00779984
 -619  0.00779984
 -618.9  0.00899982
 -618.8  0.00779984
 -618.7  0.00619988
 -618.6  0.00819984
 -618.5  0.0051999
 -618.4  0.00839983
 -618.3  0.0097998
 -618.2  0.00779984
 -618.1  0.00859983
 -618  0.00619988
 -617.9  0.00759985
 -617.8  0.00859983
 -617.7  0.00719986
 -617.6  0.0103998
 -617.5  0.0101998
 -617.4  0.0097998
 -617.3  0.00879982
 -617.2  0.0097998
 -617.1  0.0097998
 -617  0.0103998
 -616.9  0.00939981
 -616.8  0.00899982
 -616.7  0.0105998
 -616.6  0.0115998
 -616.5  0.0115998
 -616.4  0.0097998
 -616.3  0.00859983
 -616.2  0.0097998
 -616.1  0.00959981
 -616  0.0097998
 -615.9  0.0099998
 -615.8  0.0119998
 -615.7  0.0121998
 -615.6  0.0119998
 -615.5  0.00899982
 -615.4  0.0123998
 -615.3  0.0119998
 -615.2  0.0115998
 -615.1  0.0111998
 -615  0.0135997
 -614.9  0.0101998
 -614.8  0.0115998
 -614.7  0.0117998
 -614.6  0.00839983
 -614.5  0.0107998
 -614.4  0.0103998
 -614.3  0.0119998
 -614.2  0.0125997
 -614.1  0.00939981
 -614  0.0151997
 -613.9  0.0107998
 -613.8  0.0113998
 -613.7  0.0109998
 -613.6  0.0123998
 -613.5  0.0153997
 -613.4  0.0141997
 -613.3  0.0149997
 -613.2  0.0171997
 -613.1  0.0133997
 -613  0.0141997
 -612.9  0.0129997
 -612.8  0.0145997
 -612.7  0.0135997
 -612.6  0.0135997
 -612.5  0.0163997
 -612.4  0.0113998
 -612.3  0.0129997
 -612.2  0.0165997
 -612.1  0.0149997
 -612  0.0161997
 -611.9  0.0157997
 -611.8  0.0139997
 -611.7  0.0145997
 -611.6  0.0153997
 -611.5  0.0151997
 -611.4  0.0145997
 -611.3  0.0167997
 -611.2  0.0137997
 -611.1  0.0163997
 -611  0.0187996
 -610.9  0.0125997
 -610.8  0.0143997
 -610.7  0.0187996
 -610.6  0.0159997
 -610.5  0.0149997
 -610.4  0.0167997
 -610.3  0.0161997
 -610.2  0.0141997
 -610.1  0.0179996
 -610  0.0173997
 -609.9  0.0153997
 -609.8  0.0173997
 -609.7  0.0153997
 -609.6  0.0173997
 -609.5  0.0193996
 -609.4  0.0199996
 -609.3  0.0187996
 -609.2  0.0167997
 -609.1  0.0157997
 -609  0.0189996
 -608.9  0.0189996
 -608.8  0.0151997
 -608.7  0.0139997
 -608.6  0.0193996
 -608.5  0.0163997
 -608.4  0.0189996
 -608.3  0.0195996
 -608.2  0.0179996
 -608.1  0.0201996
 -608  0.0211996
 -607.9  0.0215996
 -607.8  0.0161997
 -607.7  0.0213996
 -607.6  0.0237995
 -607.5  0.0161997
 -607.4  0.0189996
 -607.3  0.0181996
 -607.2  0.0199996
 -607.1  0.0195996
 -607  0.0205996
 -606.9  0.0203996
 -606.8  0.0179996
 -606.7  0.0219996
 -606.6  0.0229995
 -606.5  0.0199996
 -606.4  0.0197996
 -606.3  0.0201996
 -606.2  0.0205996
 -606.1  0.0207996
 -606  0.0231995
 -605.9  0.0207996
 -605.8  0.0263995
 -605.7  0.0213996
 -605.6  0.0225995
 -605.5  0.0215996
 -605.4  0.0183996
 -605.3  0.0201996
 -605.2  0.0223996
 -605.1  0.0221996
 -605  0.0229995
 -604.9  0.0243995
 -604.8  0.0183996
 -604.7  0.0211996
 -604.6  0.0243995
 -604.5  0.0215996
 -604.4  0.0203996
 -604.3  0.0221996
 -604.2  0.0215996
 -604.1  0.0251995
 -604  0.0225995
 -603.9  0.0215996
 -603.8  0.0207996
 -603.7  0.0227995
 -603.6  0.0241995
 -603.5  0.0221996
 -603.4  0.0245995
 -603.3  0.0249995
 -603.2  0.0239995
 -603.1  0.0223996
 -603  0.0221996
 -602.9  0.0217996
 -602.8  0.0237995
 -602.7  0.0243995
 -602.6  0.0223996
 -602.5  0.0195996
 -602.4  0.0221996
 -602.3  0.0267995
 -602.2  0.0231995
 -602.1  0.0229995
 -602  0.0217996
 -601.9  0.0243995
 -601.8  0.0245995
 -601.7  0.0227995
 -601.6  0.0241995
 -601.5  0.0223996
 -601.4  0.0231995
 -601.3  0.0221996
 -601.2  0.0223996
 -601.1  0.0211996
 -601  0.0207996
 -600.9  0.0217996
 -600.8  0.0263995
 -600.7  0.0221996
 -600.6  0.0267995
 -600.5  0.0239995
 -600.4  0.0217996
 -600.3  0.0219996
 -600.2  0.0213996
 -600.1  0.0245995
 -600  0.0269995
 -599.9  0.0213996
 -599.8  0.0227995
 -599.7  0.0231995
 -599.6  0.0273995
 -599.5  0.0231995
 -599.4  0.0243995
 -599.3  0.0265995
 -599.2  0.0245995
 -599.1  0.0275994
 -599  0.0235995
 -598.9  0.0273995
 -598.8  0.0239995
 -598.7  0.0217996
 -598.6  0.0285994
 -598.5  0.0243995
 -598.4  0.0221996
 -598.3  0.0223996
 -598.2  0.0251995
 -598.1  0.0249995
 -598  0.0201996
 -597.9  0.0225995
 -597.8  0.0277994
 -597.7  0.0231995
 -597.6  0.0237995
 -597.5  0.0237995
 -597.4  0.0223996
 -597.3  0.0271995
 -597.2  0.0251995
 -597.1  0.0231995
 -597  0.0261995
 -596.9  0.0259995
 -596.8  0.0267995
 -596.7  0.0219996
 -596.6  0.0219996
 -596.5  0.0249995
 -596.4  0.0251995
 -596.3  0.0211996
 -596.2  0.0273995
 -596.1  0.0223996
 -596  0.0257995
 -595.9  0.0241995
 -595.8  0.0249995
 -595.7  0.0209996
 -595.6  0.0239995
 -595.5  0.0239995
 -595.4  0.0227995
 -595.3  0.0241995
 -595.2  0.0291994
 -595.1  0.0223996
 -595  0.0219996
 -594.9  0.0239995
 -594.8  0.0239995
 -594.7  0.0223996
 -594.6  0.0243995
 -594.5  0.0281994
 -594.4  0.0223996
 -594.3  0.0255995
 -594.2  0.0239995
 -594.1  0.0255995
 -594  0.0251995
 -593.9  0.0231995
 -593.8  0.0257995
 -593.7  0.0277994
 -593.6  0.0247995
 -593.5  0.0283994
 -593.4  0.0227995
 -593.3  0.0243995
 -593.2  0.0277994
 -593.1  0.0195996
 -593  0.0261995
 -592.9  0.0205996
 -592.8  0.0241995
 -592.7  0.0253995
 -592.6  0.0243995
 -592.5  0.0205996
 -592.4  0.0225995
 -592.3  0.0189996
 -592.2  0.0279994
 -592.1  0.0221996
 -592  0.0229995
 -591.9  0.0235995
 -591.8  0.0249995
 -591.7  0.0219996
 -591.6  0.0235995
 -591.5  0.0211996
 -591.4  0.0203996
 -591.3  0.0241995
 -591.2  0.0227995
 -591.1  0.0263995
 -591  0.0253995
 -590.9  0.0233995
 -590.8  0.0207996
 -590.7  0.0221996
 -590.6  0.0219996
 -590.5  0.0229995
 -590.4  0.0219996
 -590.3  0.0241995
 -590.2  0.0237995
 -590.1  0.0197996
 -590  0.0243995
 -589.9  0.0213996
 -589.8  0.0245995
 -589.7  0.0209996
 -589.6  0.0235995
 -589.5  0.0235995
 -589.4  0.0229995
 -589.3  0.0231995
 -589.2  0.0213996
 -589.1  0.0209996
 -589  0.0229995
 -588.9  0.0227995
 -588.8  0.0239995
 -588.7  0.0197996
 -588.6  0.0199996
 -588.5  0.0239995
 -588.4  0.0211996
 -588.3  0.0219996
 -588.2  0.0203996
 -588.1  0.0177996
 -588  0.0199996
 -587.9  0.0233995
 -587.8  0.0219996
 -587.7  0.0227995
 -587.6  0.0189996
 -587.5  0.0189996
 -587.4  0.0239995
 -587.3  0.0191996
 -587.2  0.0207996
 -587.1  0.0191996
 -587  0.0205996
 -586.9  0.0175996
 -586.8  0.0213996
 -586.7  0.0207996
 -586.6  0.0221996
 -586.5  0.0195996
 -586.4  0.0163997
 -586.3  0.0199996
 -586.2  0.0229995
 -586.1  0.0187996
 -586  0.0217996
 -585.9  0.0217996
 -585.8  0.0183996
 -585.7  0.0187996
 -585.6  0.0177996
 -585.5  0.0185996
 -585.4  0.0191996
 -585.3  0.0193996
 -585.2  0.0193996
 -585.1  0.0189996
 -585  0.0151997
 -584.9  0.0169997
 -584.8  0.0191996
 -584.7  0.0171997
 -584.6  0.0199996
 -584.5  0.0179996
 -584.4  0.0185996
 -584.3  0.0193996
 -584.2  0.0183996
 -584.1  0.0189996
 -584  0.0169997
 -583.9  0.0191996
 -583.8  0.0183996
 -583.7  0.0175996
 -583.6  0.0169997
 -583.5  0.0183996
 -583.4  0.0195996
 -583.3  0.0167997
 -583.2  0.0185996
 -583.1  0.0201996
 -583  0.0179996
 -582.9  0.0161997
 -582.8  0.0173997
 -582.7  0.0169997
 -582.6  0.0149997
 -582.5  0.0149997
 -582.4  0.0209996
 -582.3  0.0155997
 -582.2  0.0187996
 -582.1  0.0147997
 -582  0.0163997
 -581.9  0.0177996
 -581.8  0.0173997
 -581.7  0.0183996
 -581.6  0.0177996
 -581.5  0.0175996
 -581.4  0.0133997
 -581.3  0.0161997
 -581.2  0.0157997
 -581.1  0.0151997
 -581  0.0143997
 -580.9  0.0141997
 -580.8  0.0139997
 -580.7  0.0145997
 -580.6  0.0163997
 -580.5  0.0179996
 -580.4  0.0159997
 -580.3  0.0149997
 -580.2  0.0145997
 -580.1  0.0147997
 -580  0.0147997
 -579.9  0.0137997
 -579.8  0.0155997
 -579.7  0.0169997
 -579.6  0.0131997
 -579.5  0.0139997
 -579.4  0.0131997
 -579.3  0.0153997
 -579.2  0.0123998
 -579.1  0.0161997
 -579  0.0143997
 -578.9  0.0117998
 -578.8  0.0141997
 -578.7  0.0139997
 -578.6  0.0151997
 -578.5  0.0165997
 -578.4  0.0149997
 -578.3  0.0107998
 -578.2  0.0135997
 -578.1  0.0127997
 -578  0.0157997
 -577.9  0.0153997
 -577.8  0.0127997
 -577.7  0.0143997
 -577.6  0.0123998
 -577.5  0.0125997
 -577.4  0.0135997
 -577.3  0.0133997
 -577.2  0.0117998
 -577.1  0.0115998
 -577  0.0121998
 -576.9  0.0119998
 -576.8  0.0127997
 -576.7  0.0113998
 -576.6  0.0137997
 -576.5  0.0141997
 -576.4  0.0139997
 -576.3  0.0111998
 -576.2  0.0123998
 -576.1  0.0121998
 -576  0.0121998
 -575.9  0.0123998
 -575.8  0.0117998
 -575.7  0.0151997
 -575.6  0.0109998
 -575.5  0.0125997
 -575.4  0.0137997
 -575.3  0.0103998
 -575.2  0.0105998
 -575.1  0.0097998
 -575  0.0135997
 -574.9  0.0135997
 -574.8  0.0135997
 -574.7  0.0111998
 -574.6  0.0099998
 -574.5  0.0133997
 -574.4  0.0117998
 -574.3  0.0107998
 -574.2  0.0129997
 -574.1  0.0103998
 -574  0.0111998
 -573.9  0.0147997
 -573.8  0.0107998
 -573.7  0.00919982
 -573.6  0.0119998
 -573.5  0.00899982
 -573.4  0.0127997
 -573.3  0.0117998
 -573.2  0.0109998
 -573.1  0.00939981
 -573  0.00839983
 -572.9  0.00879982
 -572.8  0.00939981
 -572.7  0.00959981
 -572.6  0.00919982
 -572.5  0.00899982
 -572.4  0.0103998
 -572.3  0.0097998
 -572.2  0.00739985
 -572.1  0.00919982
 -572  0.00939981
 -571.9  0.00759985
 -571.8  0.0103998
 -571.7  0.00759985
 -571.6  0.0101998
 -571.5  0.00919982
 -571.4  0.0117998
 -571.3  0.00899982
 -571.2  0.0111998
 -571.1  0.00759985
 -571  0.00959981
 -570.9  0.00939981
 -570.8  0.00819984
 -570.7  0.00859983
 -570.6  0.00739985
 -570.5  0.00939981
 -570.4  0.00759985
 -570.3  0.00859983
 -570.2  0.00899982
 -570.1  0.00739985
 -570  0.00819984
 -569.9  0.00799984
 -569.8  0.00859983
 -569.7  0.00939981
 -569.6  0.00819984
 -569.5  0.00719986
 -569.4  0.00759985
 -569.3  0.00779984
 -569.2  0.00679986
 -569.1  0.00759985
 -569  0.00639987
 -568.9  0.00799984
 -568.8  0.00799984
 -568.7  0.00899982
 -568.6  0.00599988
 -568.5  0.00619988
 -568.4  0.00599988
 -568.3  0.00699986
 -568.2  0.00719986
 -568.1  0.0049999
 -568  0.00679986
 -567.9  0.00839983
 -567.8  0.00699986
 -567.7  0.00599988
 -567.6  0.0047999
 -567.5  0.00779984
 -567.4  0.00579988
 -567.3  0.00619988
 -567.2  0.00579988
 -567.1  0.00599988
 -567  0.00679986
 -566.9  0.00699986
 -566.8  0.00699986
 -566.7  0.00559989
 -566.6  0.00539989
 -566.5  0.00439991
 -566.4  0.0051999
 -566.3  0.0051999
 -566.2  0.00699986
 -566.1  0.0051999
 -566  0.00419992
 -565.9  0.0049999
 -565.8  0.00699986
 -565.7  0.00379992
 -565.6  0.00679986
 -565.5  0.00679986
 -565.4  0.0049999
 -565.3  0.00359993
 -565.2  0.00779984
 -565.1  0.0047999
 -565  0.0051999
 -564.9  0.0051999
 -564.8  0.00299994
 -564.7  0.00439991
 -564.6  0.0047999
 -564.5  0.00459991
 -564.4  0.0051999
 -564.3  0.0047999
 -564.2  0.0049999
 -564.1  0.00599988
 -564  0.00699986
 -563.9  0.00459991
 -563.8  0.00579988
 -563.7  0.00559989
 -563.6  0.00359993
 -563.5  0.00399992
 -563.4  0.0049999
 -563.3  0.00379992
 -563.2  0.00459991
 -563.1  0.00639987
 -563  0.0051999
 -562.9  0.00399992
 -562.8  0.0051999
 -562.7  0.00419992
 -562.6  0.00359993
 -562.5  0.00459991
 -562.4  0.00359993
 -562.3  0.00319994
 -562.2  0.00419992
 -562.1  0.00379992
 -562  0.00439991
 -561.9  0.0051999
 -561.8  0.00399992
 -561.7  0.00439991
 -561.6  0.00299994
 -561.5  0.00459991
 -561.4  0.00319994
 -561.3  0.00559989
 -561.2  0.00419992
 -561.1  0.00419992
 -561  0.00439991
 -560.9  0.00399992
 -560.8  0.0049999
 -560.7  0.00539989
 -560.6  0.00359993
 -560.5  0.00319994
 -560.4  0.00259995
 -560.3  0.00259995
 -560.2  0.00379992
 -560.1  0.00459991
 -560  0.00259995
 -559.9  0.0049999
 -559.8  0.00379992
 -559.7  0.0049999
 -559.6  0.00319994
 -559.5  0.00239995
 -559.4  0.00339993
 -559.3  0.00259995
 -559.2  0.00399992
 -559.1  0.00259995
 -559  0.00179996
 -558.9  0.0051999
 -558.8  0.00239995
 -558.7  0.00219996
 -558.6  0.00239995
 -558.5  0.00259995
 -558.4  0.00439991
 -558.3  0.00359993
 -558.2  0.00379992
 -558.1  0.00319994
 -558  0.00219996
 -557.9  0.00279994
 -557.8  0.00239995
 -557.7  0.00279994
 -557.6  0.00219996
 -557.5  0.00359993
 -557.4  0.00239995
 -557.3  0.00439991
 -557.2  0.00339993
 -557.1  0.00299994
 -557  0.00239995
 -556.9  0.00259995
 -556.8  0.00319994
 -556.7  0.00219996
 -556.6  0.00339993
 -556.5  0.00239995
 -556.4  0.00199996
 -556.3  0.00139997
 -556.2  0.00239995
 -556.1  0.00279994
 -556  0.00119998
 -555.9  0.00139997
 -555.8  0.00159997
 -555.7  0.00239995
 -555.6  0.00279994
 -555.5  0.00219996
 -555.4  0.00259995
 -555.3  0.00159997
 -555.2  0.00259995
 -555.1  0.00239995
 -555  0.00239995
 -554.9  0.00279994
 -554.8  0.00219996
 -554.7  0.00099998
 -554.6  0.00099998
 -554.5  0.00119998
 -554.4  0.00159997
 -554.3  0.00299994
 -554.2  0.00259995
 -554.1  0.000799984
 -554  0.00179996
 -553.9  0.00299994
 -553.8  0.00099998
 -553.7  0.00139997
 -553.6  0.00259995
 -553.5  0.000599988
 -553.4  0.00119998
 -553.3  0.00199996
 -553.2  0.00119998
 -553.1  0.00159997
 -553  0.00159997
 -552.9  0.00199996
 -552.8  0.00139997
 -552.7  0.000799984
 -552.6  0.00259995
 -552.5  0.00159997
 -552.4  0.000799984
 -552.3  0.00159997
 -552.2  0.00119998
 -552.1  0.00119998
 -552  0.00099998
 -551.9  0.00099998
 -551.8  0.00219996
 -551.7  0.00159997
 -551.6  0.000799984
 -551.5  0.000599988
 -551.4  0.00099998
 -551.3  0.00099998
 -551.2  0.000799984
 -551.1  0.00199996
 -551  0.00199996
 -550.9  0.000599988
 -550.8  0.00119998
 -550.7  0.00159997
 -550.6  0.00099998
 -550.5  0.000799984
 -550.4  0.00119998
 -550.3  0.000599988
 -550.2  0.000199996
 -550.1  0.000399992
 -550  0.00099998
 -549.9  0.00159997
 -549.8  0.000799984
 -549.7  0.00179996
 -549.6  0.00179996
 -549.5  0.00239995
 -549.4  0.00099998
 -549.3  0.000799984
 -549.2  0.00139997
 -549.1  0.00139997
 -549  0.00099998
 -548.9  0.00119998
 -548.8  0.00159997
 -548.7  0.00099998
 -548.6  0.000599988
 -548.5  0.000599988
 -548.4  0.00139997
 -548.3  0.00099998
 -548.2  0.00099998
 -548.1  0.000399992
 -548  0.00099998
 -547.9  0.00159997
 -547.8  0.000799984
 -547.7  0.000799984
 -547.6  0.000199996
 -547.5  0.00099998
 -547.4  0.000799984
 -547.3  0.000799984
 -547.2  0.000599988
 -547.1  0.00119998
 -547  0.000799984
 -546.9  0.000799984
 -546.8  0.00139997
 -546.7  0.000799984
 -546.6  0.00139997
 -546.5  0.000599988
 -546.4  0.000599988
 -546.3  0.000599988
 -546.2  0.00099998
 -546.1  0.00099998
 -546  0.00099998
 -545.9  0.00119998
 -545.8  0.000799984
 -545.7  0.00099998
 -545.6  0.000199996
 -545.5  0.00139997
 -545.4  0.00139997
 -545.3  0.00119998
 -545.2  0.000599988
 -545.1  0.000199996
 -545  0.000799984
 -544.9  0
 -544.8  0.000199996
 -544.7  0.00099998
 -544.6  0.000599988
 -544.5  0.000799984
 -544.4  0.000599988
 -544.3  0.00119998
 -544.2  0.000599988
 -544.1  0.000799984
 -544  0.000799984
 -543.9  0.000599988
 -543.8  0.00119998
 -543.7  0.000599988
 -543.6  0.000799984
 -543.5  0.000599988
 -543.4  0
 -543.3  0.000399992
 -543.2  0.000399992
 -543.1  0.000199996
 -543  0.000399992
 -542.9  0.000799984
 -542.8  0.000399992
 -542.7  0.00119998
 -542.6  0.000399992
 -542.5  0.000399992
 -542.4  0.000199996
 -542.3  0.000399992
 -542.2  0.000599988
 -542.1  0.000399992
 -542  0.000599988
 -541.9  0.000199996
 -541.8  0.000599988
 -541.7  0.000399992
 -541.6  0.000199996
 -541.5  0.000199996
 -541.4  0.000799984
 -541.3  0.000199996
 -541.2  0.000399992
 -541.1  0.000399992
 -541  0.000199996
 -540.9  0.000399992
 -540.8  0.000399992
 -540.7  0
 -540.6  0.000399992
 -540.5  0
 -540.4  0.000599988
 -540.3  0.00099998
 -540.2  0.000599988
 -540.1  0.000199996
 -540  0.000199996
 -539.9  0.000199996
 -539.8  0.000399992
 -539.7  0
 -539.6  0.000399992
 -539.5  0.000399992
 -539.4  0.000799984
 -539.3  0.000199996
 -539.2  0.000799984
 -539.1  0.00099998
 -539  0.000399992
 -538.9  0.000399992
 -538.8  0.000399992
 -538.7  0.000199996
 -538.6  0.000399992
 -538.5  0.000199996
 -538.4  0
 -538.3  0.000199996
 -538.2  0
 -538.1  0.000399992
 -538  0
 -537.9  0.000399992
 -537.8  0.000199996
 -537.7  0
 -537.6  0
 -537.5  0.000399992
 -537.4  0
 -537.3  0.000199996
 -537.2  0.000599988
 -537.1  0
 -537  0.000199996
 -536.9  0
 -536.8  0.000599988
 -536.7  0.000399992
 -536.6  0
 -536.5  0.000199996
 -536.4  0.000199996
 -536.3  0
 -536.2  0.000399992
 -536.1  0
 -536  0
 -535.9  0.000399992
 -535.8  0
 -535.7  0.000599988
 -535.6  0
 -535.5  0.000199996
 -535.4  0
 -535.3  0
 -535.2  0.000399992
 -535.1  0.000199996
 -535  0.000199996
 -534.9  0
 -534.8  0
 -534.7  0
 -534.6  0.000199996
 -534.5  0.000399992
 -534.4  0.000199996
 -534.3  0
 -534.2  0.000199996
 -534.1  0.000199996
 -534  0.000199996
 -533.9  0
 -533.8  0
 -533.7  0
 -533.6  0
 -533.5  0.000199996
 -533.4  0.000199996
 -533.3  0.000599988
 -533.2  0.000199996
 -533.1  0.000199996
 -533  0
 -532.9  0.000199996
 -532.8  0.000599988
 -532.7  0.000799984
 -532.6  0
 -532.5  0.000199996
 -532.4  0.000599988
 -532.3  0.000199996
 -532.2  0.000599988
 -532.1  0
 -532  0
 -531.9  0.000199996
 -531.8  0
 -531.7  0.000199996
 -531.6  0.000599988
 -531.5  0
 -531.4  0.000199996
 -531.3  0
 -531.2  0
 -531.1  0.000399992
 -531  0.000599988
 -530.9  0
 -530.8  0.000199996
 -530.7  0
 -530.6  0
 -530.5  0
 -530.4  0
 -530.3  0
 -530.2  0.000199996
 -530.1  0.000199996
 -530  0.000199996
 -529.9  0.000599988
 -529.8  0.000199996
 -529.7  0.000399992
 -529.6  0.000399992
 -529.5  0.000399992
 -529.4  0
 -529.3  0
 -529.2  0.000199996
 -529.1  0.000199996
 -529  0.000199996
 -528.9  0
 -528.8  0.000399992
 -528.7  0
 -528.6  0.000199996
 -528.5  0
 -528.4  0
 -528.3  0.000199996
 -528.2  0
 -528.1  0.000199996
 -528  0
 -527.9  0
 -527.8  0
 -527.7  0
 -527.6  0
 -527.5  0
 -527.4  0.000399992
 -527.3  0.000199996
 -527.2  0.000199996
 -527.1  0
 -527  0
 -526.9  0
 -526.8  0
 -526.7  0.000199996
 -526.6  0
 -526.5  0.000199996
 -526.4  0
 -526.3  0.000199996
 -526.2  0
 -526.1  0
 -526  0
 -525.9  0.000199996
 -525.8  0
 -525.7  0.000399992
 -525.6  0
 -525.5  0.000399992
 -525.4  0
 -525.3  0
 -525.2  0
 -525.1  0
 -525  0
 -524.9  0
 -524.8  0
 -524.7  0.000199996
 -524.6  0.000199996
 -524.5  0
 -524.4  0
 -524.3  0
 -524.2  0.000199996
 -524.1  0.000399992
 -524  0
 -523.9  0.000199996
 -523.8  0
 -523.7  0.000199996
 -523.6  0
 -523.5  0
 -523.4  0.000599988
 -523.3  0.000599988
 -523.2  0
 -523.1  0.000199996
 -523  0.000199996
 -522.9  0
 -522.8  0.000199996
 -522.7  0.000199996
 -522.6  0
 -522.5  0
 -522.4  0
 -522.3  0.000199996
 -522.2  0
 -522.1  0.000399992
 -522  0
 -521.9  0
 -521.8  0
 -521.7  0
 -521.6  0.000399992
 -521.5  0.000199996
 -521.4  0
 -521.3  0.000199996
 -521.2  0
 -521.1  0
 -521  0
 -520.9  0
 -520.8  0
 -520.7  0
 -520.6  0.000199996
 -520.5  0
 -520.4  0
 -520.3  0
 -520.2  0
 -520.1  0
 -520  0.000199996
 -519.9  0
 -519.8  0
 -519.7  0
 -519.6  0
 -519.5  0
 -519.4  0
 -519.3  0.000199996
 -519.2  0.000199996
 -519.1  0
 -519  0
 -518.9  0
 -518.8  0
 -518.7  0
 -518.6  0
 -518.5  0
 -518.4  0
 -518.3  0.000199996
 -518.2  0
 -518.1  0.000199996
 -518  0
 -517.9  0.000399992
 -517.8  0
 -517.7  0
 -517.6  0
 -517.5  0
 -517.4  0
 -517.3  0
 -517.2  0
 -517.1  0
 -517  0
 -516.9  0
 -516.8  0
 -516.7  0
 -516.6  0
 -516.5  0
 -516.4  0
 -516.3  0
 -516.2  0
 -516.1  0.000199996
 -516  0
 -515.9  0
 -515.8  0
 -515.7  0
 -515.6  0
 -515.5  0
 -515.4  0
 -515.3  0
 -515.2  0
 -515.1  0.000199996
 -515  0
 -514.9  0
 -514.8  0.000199996
 -514.7  0
 -514.6  0.000199996
 -514.5  0
 -514.4  0
 -514.3  0
 -514.2  0
 -514.1  0
 -514  0
 -513.9  0.000199996
 -513.8  0
 -513.7  0
 -513.6  0
 -513.5  0
 -513.4  0
 -513.3  0
 -513.2  0
 -513.1  0
 -513  0
 -512.9  0
 -512.8  0
 -512.7  0
 -512.6  0
 -512.5  0
 -512.4  0
 -512.3  0
 -512.2  0
 -512.1  0
 -512  0.000199996
 -511.9  0
 -511.8  0
 -511.7  0
 -511.6  0
 -511.5  0
 -511.4  0
 -511.3  0
 -511.2  0
 -511.1  0
 -511  0
 -510.9  0
 -510.8  0
 -510.7  0
 -510.6  0
 -510.5  0
 -510.4  0
 -510.3  0
 -510.2  0
 -510.1  0.000199996
 -510  0
 -509.9  0
 -509.8  0
 -509.7  0
 -509.6  0
 -509.5  0
 -509.4  0
 -509.3  0
 -509.2  0
 -509.1  0
 -509  0.000199996
 -508.9  0
 -508.8  0
 -508.7  0
 -508.6  0
 -508.5  0
 -508.4  0
 -508.3  0
 -508.2  0
 -508.1  0
 -508  0
 -507.9  0
 -507.8  0
 -507.7  0
 -507.6  0
 -507.5  0
 -507.4  0
 -507.3  0
 -507.2  0
 -507.1  0
 -507  0
 -506.9  0
 -506.8  0
 -506.7  0
 -506.6  0
 -506.5  0
 -506.4  0
 -506.3  0
 -506.2  0
 -506.1  0
 -506  0
 -505.9  0
 -505.8  0
 -505.7  0
 -505.6  0
 -505.5  0
 -505.4  0
 -505.3  0
 -505.2  0
 -505.1  0
 -505  0
 -504.9  0
 -504.8  0
 -504.7  0.000199996
 -504.6  0
 -504.5  0
 -504.4  0
 -504.3  0
 -504.2  0.000199996
 -504.1  0
 -504  0
 -503.9  0
 -503.8  0
 -503.7  0
 -503.6  0
 -503.5  0
 -503.4  0
 -503.3  0
 -503.2  0
 -503.1  0
 -503  0
 -502.9  0
 -502.8  0
 -502.7  0
 -502.6  0
 -502.5  0
 -502.4  0
 -502.3  0
 -502.2  0
 -502.1  0
 -502  0
 -501.9  0
 -501.8  0
 -501.7  0
 -501.6  0
 -501.5  0
 -501.4  0
 -501.3  0
 -501.2  0
 -501.1  0
 -501  0
 -500.9  0
 -500.8  0
 -500.7  0
 -500.6  0
 -500.5  0
 -500.4  0
 -500.3  0
 -500.2  0
 -500.1  0
 -500  0
 -499.9  0
 -499.8  0
 -499.7  0
 -499.6  0
 -499.5  0
 -499.4  0
 -499.3  0
 -499.2  0
 -499.1  0
 -499  0
 -498.9  0
 -498.8  0
 -498.7  0
 -498.6  0
 -498.5  0
 -498.4  0
 -498.3  0
 -498.2  0
 -498.1  0.000199996
 -498  0
 -497.9  0
