269.5 269.5 269.5 269.5 269.5 269.5 269.5 269.5 269.5 269.5 269.5 269.5 269.5 269.5 
python group_energies.py dist_269.5_1.dat dist_269.5_2.dat 10 dist_269.5_R1R2.dat
285.22 285.22 285.22 285.22 285.22 285.22 285.22 285.22 285.22 285.22 285.22 285.22 285.22 285.22 
python group_energies.py dist_285.22_1.dat dist_285.22_2.dat 10 dist_285.22_R1R2.dat
301.66 301.66 301.66 301.66 301.66 301.66 301.66 301.66 301.66 301.66 301.66 301.66 301.66 301.66 
python group_energies.py dist_301.66_1.dat dist_301.66_2.dat 10 dist_301.66_R1R2.dat
318.76 318.76 318.76 318.76 318.76 318.76 318.76 318.76 318.76 318.76 318.76 318.76 318.76 318.76 
python group_energies.py dist_318.76_1.dat dist_318.76_2.dat 10 dist_318.76_R1R2.dat
336.61 336.61 336.61 336.61 336.61 336.61 336.61 336.61 336.61 336.61 336.61 336.61 336.61 336.61 
python group_energies.py dist_336.61_1.dat dist_336.61_2.dat 10 dist_336.61_R1R2.dat
355.26 355.26 355.26 355.26 355.26 355.26 355.26 355.26 355.26 355.26 355.26 355.26 355.26 355.26 
python group_energies.py dist_355.26_1.dat dist_355.26_2.dat 10 dist_355.26_R1R2.dat
374.74 374.74 374.74 374.74 374.74 374.74 374.74 374.74 374.74 374.74 374.74 374.74 374.74 374.74 
python group_energies.py dist_374.74_1.dat dist_374.74_2.dat 10 dist_374.74_R1R2.dat
395.07 395.07 395.07 395.07 395.07 395.07 395.07 395.07 395.07 395.07 395.07 395.07 395.07 395.07 
python group_energies.py dist_395.07_1.dat dist_395.07_2.dat 10 dist_395.07_R1R2.dat
416.32 416.32 416.32 416.32 416.32 416.32 416.32 416.32 416.32 416.32 416.32 416.32 416.32 416.32 
python group_energies.py dist_416.32_1.dat dist_416.32_2.dat 10 dist_416.32_R1R2.dat
438.5 438.5 438.5 438.5 438.5 438.5 438.5 438.5 438.5 438.5 438.5 438.5 438.5 438.5 
python group_energies.py dist_438.5_1.dat dist_438.5_2.dat 10 dist_438.5_R1R2.dat
461.67 461.67 461.67 461.67 461.67 461.67 461.67 461.67 461.67 461.67 461.67 461.67 461.67 461.67 
python group_energies.py dist_461.67_1.dat dist_461.67_2.dat 10 dist_461.67_R1R2.dat
485.87 485.87 485.87 485.87 485.87 485.87 485.87 485.87 485.87 485.87 485.87 485.87 485.87 485.87 
python group_energies.py dist_485.87_1.dat dist_485.87_2.dat 10 dist_485.87_R1R2.dat
511.14 511.14 511.14 511.14 511.14 511.14 511.14 511.14 511.14 511.14 511.14 511.14 511.14 511.14 
python group_energies.py dist_511.14_1.dat dist_511.14_2.dat 10 dist_511.14_R1R2.dat
537.54 537.54 537.54 537.54 537.54 537.54 537.54 537.54 537.54 537.54 537.54 537.54 537.54 537.54 
python group_energies.py dist_537.54_1.dat dist_537.54_2.dat 10 dist_537.54_R1R2.dat
