-595 0.000199724 0.00019986
-189 0.001198346 0.00019986
-181 0.00139807 0.00019986
-176 0.004393936 0.00019986
-174 0.005792012 0.00019986
-171 0.005192836 0.00019986
-167 0.008588149 0.00019986
-164 0.011184566 0.00019986
-162 0.009986223 0.00019986
-161 0.011783757 0.00019986
-159 0.0129821 0.00019986
-158 0.013781001 0.00039972
-157 0.019173542 0.00019986
-156 0.018774099 0.00039972
-155 0.01897383 0.00019986
-154 0.019572992 0.00019986
-153 0.022568863 0.00019986
-152 0.02796142 0.00059958
-151 0.02636362 0.00079944
-150 0.02796143 0.00119916
-149 0.03575066 0.00079944
-148 0.03255509 0.0009993
-147 0.03495175 0.0009993
-146 0.03814738 0.00119916
-145 0.04114323 0.00079944
-144 0.04393936 0.00179874
-143 0.05013084 0.00059958
-142 0.04294073 0.00159888
-141 0.0525275 0.0009993
-140 0.05732089 0.00179874
-139 0.0549242 0.00239832
-138 0.05871898 0.00259818
-137 0.06111566 0.0049965
-136 0.06471068 0.00359748
-135 0.06630849 0.0029979
-134 0.06710739 0.00419706
-133 0.07050272 0.00419706
-132 0.07789252 0.00439692
-131 0.07589526 0.00679524
-130 0.07929059 0.0069951
-129 0.08608121 0.00639552
-128 0.09267207 0.00679524
-127 0.08368448 0.0079944
-126 0.09446968 0.00659538
-125 0.09946272 0.00979314
-124 0.10245854 0.00859398
-123 0.09806464 0.00959328
-122 0.10565427 0.01039272
-121 0.11743802 0.01538922
-120 0.11564039 0.0129909
-119 0.12662527 0.01638852
-118 0.11863645 0.01478964
-117 0.1254269 0.01738782
-116 0.12922162 0.0169881
-115 0.1300206 0.01978614
-114 0.1390082 0.02018586
-113 0.1368112 0.02578194
-112 0.1348141 0.02618166
-111 0.1408058 0.02977914
-110 0.1396074 0.0339762
-109 0.1487948 0.03377634
-108 0.1376101 0.03637452
-107 0.1412051 0.03977214
-106 0.1479959 0.0389727
-105 0.1463981 0.04217046
-104 0.1467974 0.0469671
-103 0.1402065 0.05156388
-102 0.1501928 0.05036472
-101 0.1503926 0.04656738
-100 0.1418045 0.0569601
-99 0.1465976 0.05935842
-98 0.1577822 0.06255618
-97 0.1440012 0.07055058
-96 0.1332161 0.06955128
-95 0.1384091 0.069951
-94 0.1402066 0.0719496
-93 0.1424035 0.07454778
-92 0.1362121 0.08094332
-91 0.1312189 0.08074346
-90 0.1330163 0.08973712
-89 0.1234297 0.09653238
-88 0.1306198 0.1061257
-87 0.12622587 0.09373438
-86 0.1232299 0.10352738
-85 0.12223129 0.1065254
-84 0.11763766 0.11252108
-83 0.11184577 0.11531932
-82 0.10325755 0.11731774
-81 0.11464182 0.129909
-80 0.10705225 0.13490552
-79 0.09806457 0.1259117
-78 0.09806459 0.1417006
-77 0.08907711 0.1309083
-76 0.09227259 0.137104
-75 0.09007575 0.1468972
-74 0.08308531 0.1496949
-73 0.08048888 0.1546916
-72 0.07909086 0.1612868
-71 0.0758953 0.1476966
-70 0.07150133 0.1502946
-69 0.06910464 0.1558908
-68 0.05831952 0.1624861
-67 0.05732091 0.1564903
-66 0.06071623 0.1544919
-65 0.05452475 0.1574896
-64 0.05831952 0.152893
-63 0.05252751 0.1462975
-62 0.0475344 0.1682821
-61 0.04513772 0.154292
-60 0.04353991 0.1576896
-59 0.03814735 0.1427001
-58 0.04034433 0.1530928
-57 0.03894626 0.1550914
-56 0.02816113 0.1512941
-55 0.02975894 0.1584891
-54 0.03175617 0.1520934
-53 0.02915976 0.13790348
-52 0.02756197 0.1367043
-51 0.02516528 0.1325073
-50 0.02456609 0.1329068
-49 0.0197727 0.1267113
-48 0.018374643 0.1303087
-47 0.01997244 0.1253122
-46 0.01637741 0.11471968
-45 0.013581259 0.11931624
-44 0.014979332 0.1103227
-43 0.014579892 0.10552604
-42 0.008188705 0.10072946
-41 0.010185951 0.11012286
-40 0.010385676 0.09373432
-39 0.009387052 0.09633258
-38 0.009387055 0.08673924
-37 0.010984848 0.08873784
-36 0.007389808 0.08034372
-35 0.007389802 0.07954428
-34 0.00459366 0.07514736
-33 0.005792007 0.06595382
-32 0.006590905 0.06775258
-31 0.005192834 0.06415506
-30 0.003794764 0.0589587
-29 0.002995864 0.05056458
-28 0.002196967 0.05656038
-27 0.002995864 0.04556808
-26 0.002596417 0.0469671
-25 0.002995864 0.0429699
-24 0.002596415 0.03877284
-23 0.00279614 0.0419706
-22 0.002596417 0.03037872
-21 0.000599172 0.03517536
-20 0.001597794 0.03217746
-19 0.000599172 0.03337662
-18 0.00099862 0.02578194
-17 0.000199724 0.02358348
-16 0.000798896 0.02278404
-15 0.000599172 0.02138502
-14 0.000798896 0.0219846
-13 0.000599172 0.01878684
-12 0.000399448 0.01838712
-10 0.000599173 0.01139202
-9 0.001797519 0.01179174
-7 0.000199724 0.00979314
-6 0.000399448 0.01039272
-5 0.000199724 0.0119916
-4 0.000199724 0.00619566
-1 0.000199724 0.00519636
1 0.000199724 0.00559608
3 0.000199724 0.00319776
6 0.000199724 0.00259818
7 0.000399448 0.00319776
9 0.000199724 0.00179874
10 0.000199724 0.00259818
13 0.000599173 0.00219846
15 0.000199724 0.00179874
19 0.000199724 0.00019986
20 0.000199724 0.00019986
22 0.000199724 0.00059958
29 0.000199724 0.00059958
83 0.000399448 0.00019986
85 0.000199724 0.00039972
87 0.000199724 0.00019986
91 0.000199724 0.00019986
111 0.000199724 0.00019986
115 0.000199724 0.00039972
118 0.000199724 0.00039972
120 0.000199724 0.00019986
125 0.000998621 0.00019986
126 0.000399448 0.00019986
127 0.000798896 0.00019986
129 0.000399448 0.00019986
131 0.000798896 0.00019986
133 0.000798897 0.00039972
134 0.000399448 0.00039972
136 0.000798897 0.00019986
139 0.00099862 0.00039972
141 0.000599172 0.00039972
143 0.000399448 0.00059958
146 0.00099862 0.00019986
147 0.000399448 0.00019986
149 0.000599172 0.00039972
151 0.001597793 0.00019986
152 0.000399448 0.00019986
153 0.000599172 0.00019986
154 0.001198346 0.00039972
156 0.000798897 0.00019986
157 0.001198344 0.00019986
158 0.000599172 0.00039972
160 0.000798896 0.00019986
161 0.000399448 0.00039972
163 0.001198345 0.00039972
164 0.001997245 0.00059958
167 0.000798896 0.00019986
168 0.00139807 0.00039972
169 0.000599172 0.00019986
170 0.002196968 0.00039972
171 0.00099862 0.00079944
172 0.000599172 0.00019986
173 0.001398069 0.00039972
175 0.001997243 0.00019986
176 0.000998621 0.00019986
178 0.001997242 0.00039972
179 0.001198345 0.00019986
180 0.000998621 0.00019986
181 0.001597794 0.00079944
182 0.00099862 0.00079944
183 0.001597793 0.00059958
184 0.001997243 0.00039972
185 0.00099862 0.0009993
186 0.000798897 0.00059958
187 0.001997243 0.00119916
188 0.00139807 0.00059958
189 0.001797519 0.00079944
190 0.001797519 0.00079944
191 0.001198345 0.00059958
192 0.001597794 0.00119916
193 0.001198344 0.00059958
194 0.001997243 0.00039972
195 0.001398071 0.00039972
196 0.000798897 0.00039972
197 0.00139807 0.00079944
198 0.00139807 0.00019986
199 0.002196967 0.00079944
200 0.001597793 0.0009993
201 0.000998621 0.00079944
202 0.000798897 0.00039972
203 0.001797518 0.00059958
204 0.001797519 0.00139902
205 0.00139807 0.00119916
206 0.001997243 0.00079944
207 0.00139807 0.00119916
208 0.001198346 0.00119916
209 0.001398069 0.00179874
210 0.000998621 0.00119916
211 0.000798896 0.00179874
212 0.001997243 0.0009993
213 0.001398069 0.00139902
214 0.000599172 0.00159888
215 0.002196968 0.0009993
216 0.000998621 0.00019986
217 0.001997243 0.00059958
218 0.001797517 0.0009993
219 0.001797519 0.0009993
220 0.000399448 0.00039972
221 0.001198345 0.00159888
222 0.001797518 0.00079944
223 0.001797519 0.00039972
224 0.001797518 0.00119916
225 0.001398069 0.00139902
226 0.000798896 0.0019986
227 0.000998621 0.00059958
228 0.00139807 0.00059958
229 0.001597794 0.00039972
230 0.001597794 0.00119916
231 0.001597795 0.00119916
232 0.000998621 0.00239832
233 0.001198345 0.00139902
234 0.000199724 0.00159888
235 0.001797518 0.00079944
236 0.001597794 0.00139902
237 0.001997242 0.0009993
238 0.000798896 0.00179874
239 0.000798897 0.00179874
240 0.001797519 0.00079944
241 0.001198345 0.00159888
242 0.001198346 0.00219846
243 0.00099862 0.0009993
244 0.00139807 0.00059958
245 0.000399448 0.00119916
246 0.000599173 0.00139902
247 0.001198344 0.00159888
248 0.001398069 0.00139902
249 0.000798896 0.0019986
250 0.000199724 0.00179874
251 0.000599172 0.00159888
252 0.000599172 0.00059958
253 0.000399448 0.00139902
254 0.000399448 0.00139902
255 0.000599172 0.00139902
256 0.000798896 0.0009993
257 0.001198346 0.0009993
258 0.000798896 0.00139902
259 0.00099862 0.00179874
260 0.001198345 0.00119916
261 0.00139807 0.00139902
262 0.00139807 0.00119916
263 0.000399448 0.00119916
264 0.000599172 0.0009993
265 0.000798896 0.00019986
266 0.000199724 0.00039972
267 0.000798897 0.00139902
268 0.000798897 0.0009993
269 0.000998621 0.0009993
270 0.000599172 0.0019986
271 0.000599172 0.00259818
272 0.000599173 0.00219846
273 0.000798897 0.00139902
274 0.000399448 0.00059958
275 0.000199724 0.0009993
276 0.000798897 0.00159888
277 0.000399449 0.00079944
278 0.001398069 0.0009993
279 0.000199724 0.00139902
281 0.000998621 0.00119916
282 0.000199724 0.00139902
283 0.000199724 0.00139902
284 0.000199724 0.00119916
285 0.000199724 0.0019986
286 0.00099862 0.0009993
287 0.001198346 0.00119916
288 0.000199724 0.00159888
289 0.000599172 0.00159888
290 0.000399448 0.00119916
291 0.000599173 0.00119916
292 0.000199724 0.00179874
293 0.000798896 0.00159888
294 0.000998621 0.00019986
295 0.000199724 0.00159888
296 0.000798897 0.00059958
298 0.000998621 0.00119916
299 0.000399448 0.00159888
300 0.000199724 0.0009993
302 0.000399448 0.0009993
303 0.000399448 0.00119916
304 0.000199724 0.00059958
305 0.000399448 0.00079944
308 0.000199724 0.00159888
309 0.000199724 0.00059958
310 0.000199724 0.00119916
311 0.000399448 0.00079944
312 0.000199724 0.00119916
314 0.000399448 0.00059958
315 0.000199724 0.00039972
316 0.000798897 0.00079944
320 0.000199724 0.00059958
323 0.000199724 0.0009993
324 0.000199724 0.00179874
326 0.000199724 0.00059958
327 0.000199724 0.00039972
332 0.000199724 0.00059958
333 0.000199724 0.00079944
336 0.000199724 0.00059958
340 0.000199724 0.00019986
342 0.000199724 0.00019986
343 0.000199724 0.00019986
346 0.000199724 0.00019986
348 0.000199724 0.00019986
349 0.000399448 0.00019986
352 0.000199724 0.00019986
353 0.000199724 0.00079944
357 0.000199724 0.00039972
360 0.000199724 0.00019986
371 0.000199724 0.00059958
373 0.000199724 0.00019986
382 0.000199724 0.00019986
401 0.000199724 0.00019986
