-595 0.000199996 0.000199804
-525 0.001199976 0.000199804
-500 0.02499949 0.000199804
-499 0.02599947 0.000199804
-498 0.03219934 0.000199804
-497 0.03679927 0.000399608
-495 0.03899923 0.000199804
-494 0.04339913 0.000799216
-493 0.05079898 0.000399608
-491 0.06239876 0.001198825
-490 0.06099877 0.000599412
-489 0.06219876 0.000799216
-488 0.07779844 0.00099902
-487 0.08539834 0.00099902
-486 0.08799824 0.000599412
-485 0.09059826 0.002597454
-484 0.09679807 0.000799216
-483 0.10379805 0.001998042
-482 0.11119784 0.002997063
-481 0.1199976 0.001998041
-480 0.1187977 0.001598432
-479 0.1351973 0.002797258
-478 0.12819741 0.004595496
-477 0.146597 0.004395691
-476 0.1385973 0.004795301
-475 0.1457971 0.005394714
-474 0.1589971 0.004395696
-473 0.1595968 0.009390802
-472 0.1569968 0.008191971
-471 0.1597967 0.009191001
-470 0.1719965 0.010589635
-469 0.1661967 0.012787461
-468 0.1739966 0.015384922
-467 0.1695967 0.013586686
-466 0.1743965 0.015584734
-465 0.1813965 0.015784541
-464 0.1773966 0.01938101
-463 0.1751964 0.02157884
-462 0.1799964 0.01938101
-461 0.1855962 0.02337709
-460 0.1867963 0.02937121
-459 0.1751963 0.02957101
-458 0.1807963 0.03276788
-457 0.1685967 0.03556515
-456 0.1775965 0.0385622
-455 0.1713967 0.0435573
-454 0.1685968 0.0475534
-453 0.1663966 0.05234869
-452 0.154397 0.05354751
-451 0.155797 0.06353775
-450 0.1567968 0.05974146
-449 0.1581969 0.06513617
-448 0.1435971 0.07792362
-447 0.1391972 0.08032123
-446 0.12759732 0.09011165
-445 0.12159773 0.09151033
-444 0.1357974 0.088713
-443 0.1149978 0.09770426
-442 0.12159772 0.10150043
-441 0.115598 0.10709497
-440 0.10559794 0.11308912
-439 0.0993981 0.1218806
-438 0.09639813 0.1278748
-437 0.08659823 0.1356671
-436 0.08479832 0.1314712
-435 0.08459831 0.1430598
-434 0.07299855 0.1356671
-433 0.06059879 0.1394634
-432 0.06459871 0.1564466
-431 0.06639868 0.1526504
-430 0.05519889 0.1534495
-429 0.050399 0.1638393
-428 0.049399 0.1714321
-427 0.04879903 0.1658375
-426 0.04439912 0.1656377
-425 0.03779924 0.1786252
-424 0.03859923 0.1854183
-423 0.03199935 0.1726309
-422 0.03139937 0.1766269
-421 0.0297994 0.1758276
-420 0.02859943 0.1732301
-419 0.02359953 0.1748287
-418 0.01799964 0.1708325
-417 0.02299953 0.1770266
-416 0.017999644 0.1710324
-415 0.0207996 0.1642391
-414 0.01539971 0.1760274
-413 0.016199678 0.1714322
-412 0.01399972 0.1566464
-411 0.015199702 0.1586445
-410 0.009799812 0.1522508
-409 0.013999708 0.1510519
-408 0.012399754 0.1462566
-407 0.007199852 0.1390636
-406 0.008399836 0.1384644
-405 0.00759985 0.1338688
-404 0.00719986 0.12747511
-403 0.008199842 0.1226797
-402 0.005999878 0.11408791
-401 0.005799884 0.1156866
-400 0.005999878 0.10309884
-399 0.004199916 0.09810376
-398 0.005799886 0.09530657
-397 0.006599868 0.09710477
-396 0.004599908 0.09510669
-395 0.006999866 0.08371792
-394 0.004199916 0.08271892
-393 0.003599928 0.0721293
-392 0.00399992 0.06493635
-391 0.005799884 0.06293832
-390 0.004399912 0.05514597
-389 0.00419992 0.06233891
-388 0.005199896 0.05954165
-387 0.002799944 0.0481528
-386 0.003999924 0.05095006
-385 0.003399932 0.04835261
-384 0.003199936 0.04715379
-383 0.003399932 0.03856221
-382 0.006199878 0.03716359
-381 0.003799924 0.0335671
-380 0.004399912 0.03076983
-379 0.00299994 0.02957103
-378 0.005399896 0.02497552
-377 0.0049999 0.021179241
-376 0.0051999 0.018781591
-375 0.004799904 0.02097943
-374 0.005399896 0.01918121
-373 0.004199916 0.019580818
-372 0.005199896 0.013986289
-371 0.004199916 0.014985317
-370 0.004399912 0.013586695
-369 0.005799888 0.012587671
-368 0.004999898 0.011189034
-367 0.00399992 0.009990213
-366 0.005799888 0.011189045
-365 0.006199884 0.010789429
-364 0.00719986 0.006593539
-363 0.005599892 0.012188066
-362 0.0049999 0.009390803
-361 0.006799866 0.007792361
-360 0.006399872 0.006993148
-359 0.006999858 0.006793352
-358 0.005399892 0.004995105
-357 0.0049999 0.009190994
-356 0.006399878 0.005794321
-355 0.004999904 0.006393736
-354 0.004599908 0.00679334
-353 0.0049999 0.005394712
-352 0.005399896 0.006593543
-351 0.00679986 0.004995105
-350 0.005999878 0.005394719
-349 0.007199858 0.004795301
-348 0.005799882 0.004395693
-347 0.005599888 0.005394713
-346 0.006599868 0.003996083
-345 0.0049999 0.004995106
-344 0.00639987 0.004795299
-343 0.006799868 0.006593539
-342 0.006599868 0.004795301
-341 0.005599892 0.005194914
-340 0.004599908 0.004195889
-339 0.006399876 0.004395693
-338 0.005599888 0.003996083
-337 0.006599872 0.003996083
-336 0.007399856 0.003596474
-335 0.006599866 0.004795301
-334 0.005399896 0.00519491
-333 0.00659987 0.004395691
-332 0.005999884 0.004595494
-331 0.006799876 0.006993153
-330 0.00599988 0.00519491
-329 0.005799884 0.005794321
-328 0.00599988 0.005594518
-327 0.007399858 0.007192956
-326 0.0049999 0.004795301
-325 0.0049999 0.004795305
-324 0.005199896 0.006793352
-323 0.00399992 0.007792374
-322 0.005399892 0.006993152
-321 0.00619988 0.00799218
-320 0.005399896 0.006793343
-319 0.0049999 0.006193932
-318 0.004199916 0.008591584
-317 0.003199936 0.004195888
-316 0.00319994 0.008191974
-315 0.006799866 0.006393736
-314 0.005399896 0.008591581
-313 0.00399992 0.007592564
-312 0.003799924 0.007992178
-311 0.003799924 0.006993147
-310 0.004399912 0.007392771
-309 0.004799912 0.008191975
-308 0.002599948 0.007192956
-307 0.003799924 0.009191009
-306 0.00299994 0.005594513
-305 0.002799944 0.008591596
-304 0.002399952 0.007592568
-303 0.001599968 0.008591586
-302 0.001799964 0.007392753
-301 0.00199996 0.009790408
-300 0.000599988 0.006793345
-299 0.00099998 0.005594518
-298 0.001799964 0.005594517
-297 0.002599948 0.007792369
-296 0.00199996 0.00659354
-295 0.000599988 0.007992174
-294 0.000199996 0.005194909
-293 0.00099998 0.005394718
-292 0.000599988 0.004995105
-291 0.00099998 0.005594519
-290 0.000799984 0.006193931
-289 0.000599988 0.005394713
-288 0.000399992 0.004395692
-287 0.000199996 0.004395696
-286 0.000199996 0.004395695
-284 0.000199996 0.004395694
-282 0.000399992 0.002997061
-281 0.000199996 0.002197846
-280 0.000399992 0.003596473
-279 0.000199996 0.00099902
-278 0.000199996 0.002597453
-277 0.000199996 0.003596476
-276 0.000199996 0.003196866
-271 0.000199996 0.000799216
-270 0.000199996 0.001598433
-269 0.000199996 0.001598434
-267 0.000199996 0.000799216
-266 0.000199996 0.000799216
-260 0.000199996 0.000599412
-239 0.000199996 0.000399608
-234 0.000199996 0.000399608
-187 0.000399992 0.000199804
-185 0.000799984 0.000199804
-179 0.000399992 0.000199804
-177 0.000599988 0.000199804
-176 0.000199996 0.000199804
-174 0.000399992 0.000199804
-167 0.001199976 0.000199804
-166 0.000399992 0.000199804
-165 0.000199996 0.000199804
-163 0.000599988 0.000199804
-158 0.00099998 0.000399608
-156 0.000599988 0.000199804
-155 0.000399992 0.000199804
-154 0.001599968 0.000399608
-152 0.001199976 0.000199804
-150 0.00099998 0.000199804
-149 0.000599988 0.000199804
-148 0.000599988 0.000399608
-147 0.000799984 0.000399608
-146 0.00099998 0.000399608
-145 0.000799984 0.000199804
-143 0.001199976 0.000199804
-141 0.000399992 0.000199804
-139 0.001799964 0.000799216
-138 0.000399992 0.000199804
-137 0.001799964 0.000599412
-135 0.000799984 0.000199804
-133 0.00099998 0.000599412
-132 0.001799964 0.00099902
-131 0.001199976 0.000599412
-130 0.00199996 0.000399608
-129 0.000399992 0.000399608
-128 0.000799984 0.000599412
-127 0.002799944 0.000599412
-126 0.00199996 0.000799216
-125 0.002599948 0.000599412
-124 0.000799984 0.000599412
-123 0.001799964 0.000399608
-122 0.001399972 0.000799216
-121 0.001799964 0.000799216
-120 0.001199976 0.000799216
-119 0.001399972 0.001398628
-118 0.00199996 0.000399608
-117 0.00199996 0.000599412
-116 0.001199976 0.000799216
-115 0.00099998 0.00099902
-114 0.002599948 0.00099902
-113 0.002399952 0.000599412
-112 0.001399972 0.001598432
-111 0.000199996 0.001198824
-110 0.002199956 0.001798237
-109 0.001399972 0.000399608
-108 0.001199976 0.001598433
-107 0.001399972 0.000399608
-106 0.001399972 0.001398629
-105 0.001799964 0.001798236
-104 0.002599948 0.000399608
-103 0.002799944 0.002197845
-102 0.001399972 0.00099902
-101 0.001599968 0.000799216
-100 0.002199956 0.00199804
-99 0.00099998 0.001798236
-98 0.002599948 0.000799216
-96 0.00199996 0.000799216
-95 0.001799964 0.002397648
-94 0.001399972 0.001398628
-93 0.00199996 0.001198824
-92 0.000799984 0.00199804
-91 0.002199956 0.001598433
-90 0.002399952 0.000799216
-89 0.00199996 0.001598433
-88 0.001199976 0.001398628
-87 0.00199996 0.000799216
-86 0.001799964 0.001398628
-85 0.001799964 0.001398628
-84 0.001199976 0.001798236
-83 0.00199996 0.001598432
-82 0.001599968 0.000599412
-81 0.001399972 0.001198824
-80 0.000799984 0.000599412
-79 0.001399972 0.001398628
-78 0.002199956 0.002597453
-77 0.00099998 0.002197846
-76 0.001799964 0.002197844
-75 0.002399952 0.001398628
-74 0.001199976 0.000799217
-73 0.00219996 0.00199804
-72 0.000799984 0.00099902
-71 0.00099998 0.000799216
-70 0.001199976 0.001198824
-69 0.00099998 0.00199804
-68 0.001399972 0.003396671
-67 0.001399972 0.001598432
-66 0.001199976 0.000799216
-65 0.001199976 0.001198824
-64 0.001199976 0.000199804
-63 0.001199976 0.001798237
-62 0.001199976 0.002197844
-61 0.001599968 0.002197845
-60 0.001399972 0.002597453
-59 0.001599968 0.002197844
-58 0.001199976 0.000799216
-57 0.00099998 0.001598432
-56 0.00099998 0.001598432
-55 0.000799984 0.001598432
-54 0.000799984 0.00199804
-53 0.00099998 0.002997061
-52 0.000599988 0.001998041
-51 0.001199976 0.000599412
-50 0.00099998 0.001198824
-49 0.001599968 0.001398628
-48 0.000799984 0.001198824
-47 0.000599988 0.001598432
-46 0.000599988 0.001798237
-45 0.000799984 0.00099902
-44 0.001199976 0.001198824
-43 0.000399992 0.001198825
-42 0.001199976 0.001198824
-41 0.000399992 0.00199804
-40 0.000799984 0.001398629
-39 0.000799984 0.001598433
-38 0.001199976 0.001398628
-37 0.000399992 0.001398628
-36 0.000199996 0.001798236
-35 0.000199996 0.000799216
-34 0.000799984 0.001398628
-33 0.000599988 0.002197845
-32 0.000799984 0.00099902
-31 0.000399992 0.001198824
-30 0.000399992 0.001398628
-29 0.000599988 0.001198825
-28 0.000799984 0.002197846
-27 0.000599988 0.001398628
-26 0.000199996 0.000399608
-25 0.000199996 0.001598433
-24 0.00099998 0.001598432
-23 0.000599988 0.000199804
-21 0.000599988 0.000599412
-20 0.000399992 0.000799216
-19 0.000399992 0.001198825
-18 0.000599988 0.001198825
-17 0.000399992 0.000799216
-16 0.000399992 0.00199804
-15 0.000599988 0.001398628
-14 0.000199996 0.000799216
-13 0.000399992 0.001398628
-12 0.000199996 0.001798236
-10 0.000599988 0.00099902
-9 0.000399992 0.00099902
-7 0.000199996 0.001198825
-6 0.000399992 0.000799216
-4 0.000399992 0.001798237
-3 0.00099998 0.00099902
-1 0.000199996 0.000799216
1 0.000599988 0.000399608
3 0.000199996 0.000399608
5 0.000399992 0.000399608
6 0.000199996 0.001198824
8 0.000199996 0.000599412
10 0.000599988 0.000399608
15 0.000199996 0.000799216
17 0.000199996 0.000199804
19 0.000199996 0.000199804
25 0.000199996 0.000199804
27 0.000199996 0.000399608
36 0.000199996 0.000399608
38 0.000199996 0.000199804
39 0.000199996 0.000199804
