-595 0.000199996 0.000199996
-492 0.000599988 0.000199996
-488 0.001199976 0.000199996
-484 0.001199976 0.000199996
-471 0.00979982 0.000199996
-469 0.014799696 0.000199996
-465 0.01919961 0.000399992
-464 0.02279954 0.000199996
-463 0.02899942 0.000199996
-461 0.03219937 0.000399992
-459 0.03759924 0.000199996
-458 0.03279935 0.000199996
-456 0.04519909 0.000199996
-455 0.04719905 0.000599988
-454 0.06139877 0.000199996
-453 0.05819883 0.000399992
-451 0.06619868 0.001399972
-450 0.07959842 0.000799984
-449 0.07419852 0.001399972
-448 0.08359833 0.001399972
-447 0.08959826 0.001599968
-446 0.09259819 0.002599948
-445 0.10159809 0.001599968
-444 0.10199803 0.001199976
-443 0.10919784 0.002599948
-442 0.1155978 0.00299994
-441 0.11039792 0.004199916
-440 0.1209977 0.00399992
-439 0.1265974 0.005799884
-438 0.1251976 0.004799908
-437 0.1353973 0.003399932
-436 0.1313973 0.005599888
-435 0.143597 0.00619988
-434 0.1521969 0.00619988
-433 0.1543969 0.006999864
-432 0.1581969 0.007199856
-431 0.1563969 0.011399782
-430 0.1629966 0.016599674
-429 0.1635967 0.013599738
-428 0.1749965 0.013999742
-427 0.1741965 0.016599664
-426 0.1713967 0.01859963
-425 0.1649966 0.019599608
-424 0.1787965 0.02099958
-423 0.1569969 0.02019961
-422 0.1721964 0.02119959
-421 0.1735966 0.02219955
-420 0.1637968 0.02499951
-419 0.1759965 0.02979941
-418 0.1689966 0.03899923
-417 0.1539969 0.03379933
-416 0.1659968 0.03859924
-415 0.1557969 0.04399912
-414 0.1585968 0.04639907
-413 0.1609967 0.05419893
-412 0.1565969 0.05539889
-411 0.1475971 0.05839883
-410 0.14319701 0.06339874
-409 0.1355972 0.07179857
-408 0.1291975 0.06079879
-407 0.1313973 0.07759848
-406 0.12359752 0.07219856
-405 0.1277975 0.07719846
-404 0.11659783 0.09279823
-403 0.1205975 0.08879825
-402 0.10319797 0.09839802
-401 0.10979793 0.101198
-400 0.09459811 0.10159808
-399 0.09699805 0.10859797
-398 0.08879822 0.11719762
-397 0.08319835 0.1207976
-396 0.0817984 0.1257974
-395 0.07619849 0.1329973
-394 0.07519851 0.1375972
-393 0.06999859 0.1299974
-392 0.06179876 0.1401972
-391 0.06739865 0.1341974
-390 0.05719885 0.1369972
-389 0.05999879 0.143197
-388 0.04479911 0.1567969
-387 0.04519911 0.1481971
-386 0.04279914 0.149997
-385 0.04319914 0.1589969
-384 0.04159915 0.1517971
-383 0.03659928 0.1623967
-382 0.03379933 0.1657967
-381 0.03059939 0.1693966
-380 0.0297994 0.1653967
-379 0.03219936 0.1639967
-378 0.02599947 0.1577969
-377 0.02099958 0.1527971
-376 0.02239955 0.1561968
-375 0.02479951 0.1597969
-374 0.02039959 0.149197
-373 0.018199624 0.1535969
-372 0.01879962 0.1617968
-371 0.01779963 0.1563969
-370 0.017399644 0.1479969
-369 0.01579969 0.1465971
-368 0.013999724 0.145397
-367 0.012199762 0.1493971
-366 0.01079979 0.1425971
-365 0.00919982 0.1377972
-364 0.01259975 0.1245975
-363 0.009399806 0.12679732
-362 0.009799806 0.1163979
-361 0.010799794 0.1159979
-360 0.007599846 0.1195977
-359 0.00679987 0.10579795
-358 0.008399834 0.10819804
-357 0.00619988 0.10579804
-356 0.00539989 0.10359808
-355 0.006399872 0.09699811
-354 0.006399876 0.08519829
-353 0.006199872 0.0863983
-352 0.006199876 0.08739829
-351 0.00599988 0.07639847
-350 0.006799864 0.07759845
-349 0.008399832 0.06339873
-348 0.005999888 0.05919881
-347 0.005799882 0.05879883
-346 0.006799866 0.0601988
-345 0.0049999 0.05579888
-344 0.006199884 0.04879902
-343 0.005999884 0.04899901
-342 0.008199838 0.0399992
-341 0.005799884 0.04139916
-340 0.006199874 0.03799925
-339 0.00639987 0.0449991
-338 0.0051999 0.03719926
-337 0.00759985 0.0345993
-336 0.008199842 0.03219935
-335 0.006799868 0.03159937
-334 0.007599846 0.02659948
-333 0.00619988 0.02799945
-332 0.006599872 0.02459952
-331 0.005199896 0.0247995
-330 0.007799842 0.02439951
-329 0.006199876 0.02479951
-328 0.006599864 0.021399568
-327 0.005599888 0.0199996
-326 0.008599838 0.02099957
-325 0.006599874 0.015199694
-324 0.005799884 0.01739966
-323 0.006599872 0.012399752
-322 0.005799888 0.016199698
-321 0.006799866 0.013999738
-320 0.008199838 0.013199738
-319 0.00599988 0.009799802
-318 0.007799846 0.011599766
-317 0.007199868 0.008399838
-316 0.006799872 0.011599786
-315 0.006399876 0.010599784
-314 0.0049999 0.010799786
-313 0.008199844 0.010999788
-312 0.00719986 0.00839983
-311 0.00639987 0.009999798
-310 0.004399912 0.008599832
-309 0.005199896 0.007799842
-308 0.006999866 0.007599856
-307 0.00599988 0.008199848
-306 0.004399912 0.00779984
-305 0.006199876 0.006599872
-304 0.006199876 0.007399852
-303 0.006399872 0.008599838
-302 0.005399896 0.007399848
-301 0.00639988 0.007599852
-300 0.006599866 0.00879982
-299 0.00599988 0.00779984
-298 0.005599892 0.008799822
-297 0.004399912 0.006999876
-296 0.003799924 0.006399872
-295 0.005399896 0.006399872
-294 0.004799904 0.00719986
-293 0.006999856 0.00959981
-292 0.004599908 0.007199854
-291 0.00399992 0.00539989
-290 0.003799924 0.005399896
-289 0.00599988 0.0049999
-288 0.002399952 0.00699986
-287 0.005399892 0.008599826
-286 0.003799924 0.009199822
-285 0.003199936 0.007599856
-284 0.002799944 0.007799846
-283 0.003199936 0.006799872
-282 0.003799924 0.006999858
-281 0.002599948 0.008199836
-280 0.002599948 0.010999784
-279 0.00399992 0.008399832
-278 0.002199956 0.005799884
-277 0.004199916 0.007999844
-276 0.002399952 0.005599888
-275 0.002399952 0.00719986
-274 0.002799944 0.006199876
-273 0.001799964 0.006199876
-272 0.00299994 0.007399856
-271 0.00199996 0.00759985
-270 0.000599988 0.005599888
-269 0.001199976 0.00599988
-268 0.001799964 0.007599848
-267 0.002399952 0.004199916
-266 0.001599968 0.00599988
-265 0.000599988 0.004999904
-264 0.001199976 0.00679987
-263 0.00099998 0.005399896
-262 0.000399992 0.0049999
-261 0.000799984 0.003799924
-260 0.000799984 0.00399992
-259 0.000599988 0.004999904
-258 0.000199996 0.007799844
-257 0.00099998 0.002199956
-256 0.000199996 0.003599928
-255 0.000599988 0.002799944
-254 0.000399992 0.004399912
-253 0.000399992 0.003799924
-252 0.000399992 0.002799944
-251 0.000199996 0.003199936
-250 0.000399992 0.001799964
-249 0.000599988 0.002799944
-248 0.000199996 0.002599948
-246 0.000399992 0.002799944
-245 0.000399992 0.002199956
-244 0.000199996 0.00099998
-243 0.000199996 0.001799964
-241 0.000199996 0.000599988
-238 0.000199996 0.001199976
-237 0.000199996 0.002599948
-225 0.000199996 0.000199996
-217 0.000199996 0.000599988
-213 0.000199996 0.000199996
-137 0.000399992 0.000199996
-136 0.000199996 0.000199996
-135 0.000399992 0.000199996
-134 0.000799984 0.000199996
-130 0.000199996 0.000199996
-129 0.000599988 0.000199996
-128 0.000199996 0.000399992
-125 0.000599988 0.000199996
-124 0.00099998 0.000199996
-123 0.000199996 0.000199996
-117 0.000599988 0.000199996
-116 0.000799984 0.000199996
-115 0.000599988 0.000199996
-114 0.000199996 0.000199996
-113 0.001599968 0.000599988
-111 0.000799984 0.000599988
-110 0.00099998 0.000199996
-107 0.001199976 0.000599988
-105 0.001199976 0.000199996
-104 0.001599968 0.000199996
-103 0.000399992 0.001199976
-102 0.001399972 0.000199996
-101 0.001999964 0.000599988
-100 0.000399992 0.000399992
-99 0.001399972 0.00099998
-98 0.000599988 0.000399992
-97 0.001399972 0.00099998
-96 0.001199976 0.000199996
-95 0.001199976 0.000399992
-94 0.00099998 0.000399992
-93 0.000799984 0.000799984
-92 0.001399972 0.001199976
-91 0.00199996 0.000199996
-90 0.001199976 0.000799984
-89 0.001799964 0.000799984
-88 0.002199956 0.000799984
-87 0.00099998 0.000799984
-86 0.00199996 0.000799984
-85 0.001799964 0.000799984
-84 0.001599968 0.00099998
-83 0.00099998 0.00099998
-82 0.001199976 0.000399992
-81 0.001199976 0.001199976
-80 0.001199976 0.000599988
-79 0.001199976 0.00099998
-78 0.001799964 0.000599988
-77 0.00199996 0.000799984
-76 0.001199976 0.00099998
-75 0.00199996 0.001399972
-74 0.002799944 0.00199996
-73 0.000799984 0.000799984
-72 0.001599968 0.001599968
-71 0.00199996 0.000399992
-70 0.000799984 0.000599988
-69 0.000799984 0.001199976
-68 0.00199996 0.001399972
-67 0.001799964 0.000599988
-66 0.00099998 0.00099998
-65 0.001399972 0.00099998
-64 0.000199996 0.000799984
-63 0.002399952 0.000799984
-62 0.001399972 0.001399972
-61 0.001799964 0.00099998
-60 0.001599968 0.000799984
-59 0.001399972 0.002199956
-58 0.00099998 0.00099998
-57 0.00199996 0.002399952
-56 0.002399952 0.001599968
-55 0.001799964 0.001599968
-54 0.00299994 0.000799984
-53 0.001199976 0.001399972
-52 0.001399972 0.001199976
-51 0.001599968 0.000799984
-50 0.002199956 0.001199976
-49 0.002199956 0.001599968
-48 0.001799964 0.001399972
-47 0.00199996 0.001599968
-46 0.001599968 0.00099998
-45 0.001399972 0.00199996
-44 0.00099998 0.000599988
-43 0.000799984 0.001399972
-42 0.001599968 0.00199996
-41 0.000799984 0.002399952
-40 0.001599968 0.002199956
-39 0.001399972 0.000799984
-38 0.002199956 0.001599968
-37 0.001599968 0.001799964
-36 0.00099998 0.001599968
-35 0.000599988 0.001399972
-34 0.002199956 0.001199976
-33 0.001799964 0.002199956
-32 0.00099998 0.000799984
-31 0.001199976 0.001799964
-30 0.001599968 0.001599968
-29 0.000799984 0.000799984
-28 0.001399972 0.002799944
-27 0.00099998 0.002399952
-26 0.000599988 0.001799964
-25 0.001799964 0.001799964
-24 0.001599968 0.001199976
-23 0.001399972 0.001399972
-22 0.001399972 0.00099998
-21 0.001599968 0.00199996
-20 0.001799964 0.001399972
-19 0.001799964 0.000799984
-18 0.000199996 0.002399952
-17 0.001599968 0.001399972
-16 0.001199976 0.001199976
-15 0.001199976 0.002799944
-14 0.000199996 0.001199976
-13 0.000599988 0.00099998
-12 0.000799984 0.001399972
-11 0.000799984 0.001599968
-10 0.000799984 0.001399972
-9 0.001599968 0.001199976
-8 0.000599988 0.00099998
-7 0.00099998 0.00199996
-6 0.000799984 0.001599968
-5 0.000599988 0.001199976
-4 0.001199976 0.001199976
-3 0.001599968 0.000399992
-2 0.001199976 0.002199956
-1 0.000599988 0.001399972
0 0.00099998 0.001399972
1 0.000599988 0.00099998
2 0.001199976 0.000799984
3 0.000399992 0.001399972
4 0.000599988 0.00099998
5 0.000799984 0.001199976
6 0.00099998 0.001199976
7 0.000399992 0.002199956
8 0.000199996 0.00199996
9 0.000399992 0.00099998
10 0.000399992 0.001199976
11 0.000199996 0.001799964
12 0.000799984 0.00099998
13 0.000199996 0.000799984
14 0.000599988 0.000599988
15 0.000199996 0.00099998
16 0.000599988 0.001399972
17 0.000399992 0.001599968
18 0.000399992 0.000799984
19 0.000799984 0.000799984
21 0.000199996 0.00099998
22 0.000199996 0.001199976
23 0.000199996 0.000799984
25 0.00099998 0.00099998
26 0.000399992 0.001199976
27 0.000399992 0.00099998
28 0.000199996 0.001399972
30 0.000199996 0.000799984
31 0.000199996 0.001199976
32 0.000799984 0.000199996
33 0.000599988 0.000399992
35 0.000399992 0.001399972
36 0.000599988 0.000399992
39 0.000199996 0.000599988
40 0.000199996 0.000799984
41 0.000199996 0.000399992
42 0.000199996 0.000799984
44 0.000799984 0.000599988
46 0.000199996 0.000599988
47 0.000199996 0.00099998
48 0.000199996 0.000399992
51 0.000399992 0.000599988
52 0.000599988 0.000399992
53 0.000199996 0.000199996
54 0.000199996 0.000799984
55 0.000199996 0.000399992
58 0.000199996 0.000599988
63 0.000199996 0.000799984
66 0.000199996 0.000199996
69 0.000199996 0.000199996
71 0.000199996 0.001199976
72 0.000199996 0.000199996
82 0.000199996 0.000199996
84 0.000199996 0.000399992
