-595 0.000199996 0.000199996
-471 0.000199996 0.000199996
-451 0.001599968 0.000399992
-423 0.0191996 0.000199996
-420 0.02339952 0.000399992
-419 0.020999584 0.000199996
-418 0.02899941 0.000399992
-417 0.02879942 0.000199996
-415 0.02859943 0.000199996
-414 0.03679927 0.000599988
-412 0.049999 0.000199996
-411 0.04679906 0.00099998
-410 0.04619908 0.000599988
-409 0.05379892 0.000799984
-408 0.0647987 0.000799984
-407 0.06199877 0.000199996
-406 0.06339873 0.001199976
-405 0.06799864 0.001599968
-404 0.07959841 0.000799984
-403 0.0811984 0.000599988
-402 0.08079839 0.000599988
-401 0.09059824 0.002199956
-400 0.10159808 0.001799964
-399 0.09779812 0.001599968
-398 0.10479802 0.003399932
-397 0.10539803 0.003399932
-396 0.10819803 0.003399932
-395 0.11119791 0.00539989
-394 0.12059762 0.0051999
-393 0.1299974 0.006599872
-392 0.1245974 0.003799924
-391 0.1415972 0.004799908
-390 0.1347974 0.004599908
-389 0.1459971 0.00739986
-388 0.1425973 0.008999832
-387 0.153797 0.007799846
-386 0.1515969 0.009199832
-385 0.154797 0.011999776
-384 0.1535969 0.012399758
-383 0.156397 0.01379973
-382 0.1671966 0.013599728
-381 0.1775965 0.01699966
-380 0.1627967 0.01699967
-379 0.1697967 0.020799588
-378 0.1689966 0.019799614
-377 0.1773965 0.02139958
-376 0.1703966 0.02619947
-375 0.1615966 0.0253995
-374 0.1665966 0.02679946
-373 0.1745965 0.02859944
-372 0.1701967 0.03079938
-371 0.1645967 0.03919921
-370 0.1517967 0.03799924
-369 0.158997 0.0451991
-368 0.1553968 0.05059898
-367 0.1533971 0.05339893
-366 0.1519971 0.05079898
-365 0.15539681 0.05659886
-364 0.1365972 0.05439892
-363 0.1393972 0.05839883
-362 0.13659721 0.07419853
-361 0.1317974 0.07659845
-360 0.1313973 0.08039839
-359 0.1241974 0.07759843
-358 0.1179977 0.08879826
-357 0.10999773 0.09319818
-356 0.11519771 0.09419819
-355 0.10479799 0.09739808
-354 0.09859805 0.10399808
-353 0.09599818 0.0987981
-352 0.08919823 0.10899785
-351 0.08879829 0.10639802
-350 0.08579832 0.12059773
-349 0.08259836 0.1199977
-348 0.06659867 0.1291975
-347 0.07459849 0.1317975
-346 0.0653987 0.1313973
-345 0.05999881 0.1323972
-344 0.0637987 0.1419972
-343 0.04939901 0.148397
-342 0.04959901 0.1537967
-341 0.04639907 0.1447971
-340 0.04279915 0.1625968
-339 0.03979921 0.147597
-338 0.0355993 0.1607968
-337 0.03739925 0.1529969
-336 0.04059919 0.1695966
-335 0.03199937 0.1599968
-334 0.03039939 0.1685967
-333 0.03379932 0.1675966
-332 0.02119958 0.156397
-331 0.023399544 0.1639966
-330 0.02259955 0.1565969
-329 0.02259954 0.1605969
-328 0.01939961 0.1593969
-327 0.01839963 0.1579969
-326 0.01559968 0.1487971
-325 0.016399678 0.151397
-324 0.014399718 0.1509971
-323 0.017999642 0.1377972
-322 0.010399806 0.1391971
-321 0.012799746 0.1447971
-320 0.010199794 0.1415971
-319 0.011599774 0.13159741
-318 0.01219976 0.13799722
-317 0.009599802 0.13759732
-316 0.01019979 0.1283974
-315 0.010199802 0.11759762
-314 0.007199856 0.11739763
-313 0.007399854 0.1203977
-312 0.005799888 0.11399783
-311 0.008199842 0.10459802
-310 0.006799866 0.09479819
-309 0.004199916 0.10019801
-308 0.007599852 0.0911982
-307 0.00739986 0.09299818
-306 0.007199856 0.08219838
-305 0.005399892 0.08199836
-304 0.00899982 0.07639846
-303 0.007999844 0.06659869
-302 0.00719986 0.07759844
-301 0.006199884 0.07039858
-300 0.006399874 0.06619868
-299 0.006599872 0.05779885
-298 0.007199856 0.05819884
-297 0.005599888 0.05639887
-296 0.004599908 0.04759904
-295 0.006399872 0.04859903
-294 0.00699987 0.04359913
-293 0.006399876 0.04099918
-292 0.008199846 0.04119918
-291 0.006199874 0.03839924
-290 0.00599988 0.0349993
-289 0.007799848 0.03279934
-288 0.006399874 0.0303994
-287 0.007999844 0.03379932
-286 0.008799824 0.02959939
-285 0.006399872 0.02739946
-284 0.006199874 0.02379955
-283 0.006599866 0.0195996
-282 0.007399852 0.018199624
-281 0.007399852 0.015999664
-280 0.00939982 0.01859963
-279 0.006199876 0.018799624
-278 0.008199844 0.013999732
-277 0.007999842 0.015999684
-276 0.005999884 0.01219975
-275 0.006799868 0.013599734
-274 0.006999858 0.010399786
-273 0.005799884 0.013199738
-272 0.007799842 0.014199728
-271 0.006599864 0.010399796
-270 0.00619988 0.008599834
-269 0.004599908 0.010199798
-268 0.006199872 0.00919982
-267 0.005199896 0.008399834
-266 0.006199876 0.010799788
-265 0.005599892 0.007999844
-264 0.004199916 0.007199852
-263 0.004199916 0.009399824
-262 0.005199896 0.009199818
-261 0.003799924 0.007599854
-260 0.004199916 0.009599812
-259 0.00539989 0.007199856
-258 0.003399932 0.009999808
-257 0.004799904 0.006199874
-256 0.00399992 0.00639987
-255 0.004399912 0.006999858
-254 0.002799944 0.006199876
-253 0.002799944 0.008199842
-252 0.00299994 0.008799834
-251 0.00299994 0.008599836
-250 0.003199936 0.008599824
-249 0.002399952 0.007799846
-248 0.002199956 0.007799842
-247 0.003799924 0.007999842
-246 0.00199996 0.00599988
-245 0.002399952 0.005399892
-244 0.002599948 0.008399836
-243 0.002199956 0.00719986
-242 0.00099998 0.00839984
-241 0.002199956 0.007599852
-240 0.002199956 0.009599812
-239 0.001399972 0.00919983
-238 0.002199956 0.006799864
-237 0.000599988 0.008399836
-236 0.001599968 0.005799882
-234 0.000799984 0.004199916
-233 0.00099998 0.005399892
-232 0.00099998 0.006199876
-231 0.000199996 0.00559989
-230 0.00099998 0.006999864
-229 0.000199996 0.006199876
-228 0.001399972 0.005999884
-227 0.000599988 0.0049999
-226 0.000399992 0.005399896
-225 0.000599988 0.00399992
-224 0.000799984 0.0049999
-223 0.000399992 0.003599928
-222 0.000399992 0.00399992
-220 0.000199996 0.004399912
-219 0.000199996 0.003399932
-218 0.000399992 0.002799944
-217 0.000199996 0.002399952
-214 0.000199996 0.001799964
-209 0.000399992 0.00099998
-205 0.000199996 0.00099998
-202 0.000599988 0.00099998
-200 0.000399992 0.001199976
-196 0.000199996 0.000399992
-195 0.000199996 0.00099998
-193 0.000199996 0.000399992
-188 0.000199996 0.000199996
-182 0.000199996 0.000399992
-175 0.000199996 0.000199996
-161 0.000199996 0.000199996
-116 0.000399992 0.000199996
-110 0.000199996 0.000399992
-105 0.000199996 0.000199996
-103 0.000199996 0.000199996
-101 0.000199996 0.000199996
-100 0.000399992 0.000199996
-98 0.000799984 0.000199996
-94 0.000799984 0.000199996
-91 0.000599988 0.000199996
-90 0.000599988 0.000399992
-88 0.001799964 0.000199996
-86 0.001199976 0.000399992
-85 0.00099998 0.000199996
-84 0.001599968 0.000399992
-83 0.000799984 0.000399992
-81 0.000399992 0.000199996
-80 0.001399972 0.000199996
-78 0.000799984 0.000599988
-77 0.001199976 0.000599988
-76 0.000399992 0.000599988
-75 0.001799964 0.000199996
-74 0.000599988 0.000199996
-73 0.001199976 0.000399992
-71 0.000799984 0.000399992
-69 0.002399952 0.000199996
-68 0.00099998 0.000399992
-67 0.001399972 0.000199996
-66 0.002199956 0.000599988
-65 0.002199956 0.000399992
-64 0.001799964 0.000799984
-63 0.001399972 0.000199996
-62 0.000799984 0.000799984
-61 0.000599988 0.000599988
-60 0.002399952 0.000599988
-58 0.001399972 0.000599988
-57 0.001599968 0.000399992
-56 0.000599988 0.000599988
-55 0.001799964 0.000399992
-54 0.000399992 0.000799984
-53 0.001799964 0.000599988
-52 0.00199996 0.000599988
-51 0.001199976 0.00099998
-50 0.001199976 0.001199976
-49 0.002399952 0.000799984
-48 0.001599968 0.00099998
-47 0.001599968 0.00099998
-46 0.001399972 0.000199996
-45 0.002199956 0.000599988
-44 0.002399952 0.000199996
-43 0.002799944 0.00099998
-42 0.002399952 0.001199976
-41 0.000199996 0.000399992
-40 0.002199956 0.000799984
-39 0.00299994 0.000799984
-38 0.001399972 0.000599988
-37 0.00099998 0.001199976
-36 0.001799964 0.000599988
-35 0.00199996 0.00199996
-34 0.001599968 0.000799984
-33 0.000799984 0.001599968
-32 0.000799984 0.00099998
-31 0.001399972 0.001599968
-30 0.00199996 0.001799964
-29 0.001599968 0.001199976
-28 0.001799964 0.00099998
-27 0.002199956 0.001799964
-26 0.000399992 0.001799964
-25 0.001599968 0.00099998
-24 0.00199996 0.001199976
-23 0.000799984 0.001799964
-22 0.00099998 0.001199976
-21 0.000399992 0.001599968
-20 0.000599988 0.001799964
-19 0.001399972 0.001799964
-18 0.00199996 0.00099998
-17 0.00099998 0.001599968
-16 0.002199956 0.00199996
-15 0.001399972 0.00199996
-14 0.001199976 0.001799964
-13 0.001399972 0.002799944
-12 0.000399992 0.00199996
-11 0.002199956 0.000599988
-10 0.00099998 0.001199976
-9 0.001199976 0.001799964
-8 0.001399972 0.000599988
-7 0.001599968 0.001399972
-6 0.001199976 0.00199996
-5 0.00199996 0.00199996
-4 0.001399972 0.001399972
-3 0.000799984 0.001399972
-2 0.001199976 0.00099998
-1 0.000799984 0.001199976
0 0.000799984 0.001599968
1 0.001799964 0.00199996
2 0.00199996 0.000799984
3 0.001199976 0.000799984
4 0.001399972 0.001199976
5 0.00099998 0.001199976
6 0.001199976 0.002599948
7 0.00099998 0.002199956
8 0.000799984 0.002399952
9 0.001399972 0.00199996
10 0.000599988 0.002199956
11 0.000599988 0.001599968
12 0.001599968 0.00099998
13 0.000799984 0.000599988
14 0.00099998 0.002599948
15 0.001799964 0.002199956
16 0.00099998 0.001599968
17 0.000599988 0.002199956
18 0.001799964 0.00199996
19 0.000799984 0.001199976
20 0.00099998 0.001199976
21 0.000599988 0.001399972
22 0.000799984 0.001799964
23 0.001199976 0.000799984
24 0.001199976 0.002199956
25 0.00099998 0.001799964
26 0.001399972 0.001599968
27 0.000599988 0.001799964
28 0.000599988 0.001799964
29 0.000399992 0.00199996
30 0.000199996 0.002799944
32 0.000399992 0.00099998
33 0.00099998 0.000599988
35 0.000399992 0.001799964
36 0.000599988 0.001199976
37 0.000399992 0.001199976
38 0.000599988 0.000799984
39 0.000799984 0.000399992
40 0.000199996 0.00199996
41 0.000199996 0.001399972
42 0.001199976 0.001399972
43 0.000599988 0.001399972
44 0.001799964 0.000799984
45 0.000799984 0.001199976
46 0.000799984 0.001399972
47 0.000599988 0.001399972
48 0.000599988 0.000599988
49 0.000399992 0.000799984
50 0.001599968 0.002199956
51 0.000399992 0.001799964
53 0.000599988 0.000399992
54 0.000399992 0.000799984
55 0.000399992 0.001399972
56 0.000199996 0.000599988
57 0.000399992 0.000799984
59 0.000599988 0.000399992
60 0.000199996 0.001199976
61 0.000199996 0.000199996
62 0.000199996 0.001399972
63 0.000399992 0.000599988
64 0.000199996 0.000799984
65 0.000199996 0.000599988
66 0.000399992 0.000199996
68 0.000199996 0.00099998
69 0.00099998 0.00099998
70 0.000199996 0.000799984
71 0.00099998 0.000399992
72 0.000199996 0.00099998
73 0.000199996 0.000599988
74 0.000399992 0.000399992
75 0.000199996 0.000599988
76 0.000199996 0.00099998
78 0.000199996 0.000599988
79 0.000199996 0.000199996
81 0.000199996 0.000199996
82 0.000199996 0.001199976
83 0.000199996 0.000199996
85 0.000199996 0.00099998
86 0.000199996 0.000399992
92 0.000199996 0.000199996
95 0.000199996 0.000399992
96 0.000199996 0.000199996
97 0.000199996 0.000199996
100 0.000399992 0.000199996
101 0.000399992 0.000599988
106 0.000199996 0.00099998
111 0.000199996 0.000199996
113 0.000199996 0.000399992
115 0.000199996 0.000199996
